20210915 21:08:51 ( 0.59,  -0.25 ) STMX  :       40.40,       40.50,   0.25%,        0.10,    3511.63, 1,422,209
20210915 21:08:51 ( 0.59,   0.50 ) XLM   :      399.00,      399.00,   0.00%,        0.00,       0.00, 1,417,280
20210915 21:08:56 ( 0.59,  -0.25 ) STMX  :       40.40,       40.50,   0.25%,        0.10,    3511.63, 1,422,209
20210915 21:08:57 ( 0.59,   0.50 ) XLM   :      399.00,      399.00,   0.00%,        0.00,       0.00, 1,417,280
20210915 21:09:02 ( 0.59,  -0.25 ) STMX  :       40.40,       40.50,   0.25%,        0.10,    3511.63, 1,422,209
20210915 21:09:02 ( 0.59,   0.50 ) XLM   :      399.00,      399.00,   0.00%,        0.00,       0.00, 1,417,280
20210915 21:09:07 ( 0.59,  -0.25 ) STMX  :       40.40,       40.50,   0.25%,        0.10,    3511.63, 1,422,209
20210915 21:09:07 ( 0.59,   0.50 ) XLM   :      399.00,      399.00,   0.00%,        0.00,       0.00, 1,417,280
20210915 21:09:12 ( 0.59,  -0.25 ) STMX  :       40.40,       40.50,   0.25%,        0.10,    3511.63, 1,422,209
20210915 21:09:12 ( 0.59,   0.50 ) XLM   :      399.00,      399.00,   0.00%,        0.00,       0.00, 1,417,280
20210915 21:09:17 ( 0.60,  -0.25 ) STMX  :       40.40,       40.50,   0.25%,        0.10,    3511.63, 1,422,209
20210915 21:09:17 ( 0.60,   0.50 ) XLM   :      399.00,      399.00,   0.00%,        0.00,       0.00, 1,417,280
20210915 21:09:23 ( 0.59,  -0.25 ) STMX  :       40.40,       40.50,   0.25%,        0.10,    3511.63, 1,422,209
20210915 21:09:23 ( 0.59,   0.50 ) XLM   :      399.00,      399.00,   0.00%,        0.00,       0.00, 1,417,280
20210915 21:09:28 ( 0.60,  -0.25 ) STMX  :       40.40,       40.50,   0.25%,        0.10,    3511.63, 1,422,209
20210915 21:09:28 ( 0.60,   0.50 ) XLM   :      399.00,      399.00,   0.00%,        0.00,       0.00, 1,417,280
20210915 21:09:33 ( 0.60,  -0.25 ) STMX  :       40.40,       40.50,   0.25%,        0.10,    3511.63, 1,422,209
20210915 21:09:33 ( 0.60,   0.50 ) XLM   :      399.00,      399.00,   0.00%,        0.00,       0.00, 1,417,280
20210915 21:09:38 ( 0.59,  -0.25 ) STMX  :       40.40,       40.50,   0.25%,        0.10,    3511.63, 1,422,209
20210915 21:09:38 ( 0.59,   0.50 ) XLM   :      399.00,      399.00,   0.00%,        0.00,       0.00, 1,417,280
20210915 21:09:44 ( 0.61,  -0.25 ) STMX  :       40.40,       40.50,   0.25%,        0.10,    3511.63, 1,422,209
20210915 21:09:44 ( 0.61,   0.25 ) XLM   :      399.00,      398.00,  -0.25%,       -1.00,   -3552.08, 1,413,728
20210915 21:09:49 ( 0.61,  -0.25 ) STMX  :       40.40,       40.50,   0.25%,        0.10,    3511.63, 1,422,209
20210915 21:09:49 ( 0.61,   0.25 ) XLM   :      399.00,      398.00,  -0.25%,       -1.00,   -3552.08, 1,413,728
20210915 21:09:54 ( 0.60,  -0.25 ) STMX  :       40.40,       40.50,   0.25%,        0.10,    3511.63, 1,422,209
20210915 21:09:54 ( 0.60,   0.25 ) XLM   :      399.00,      398.00,  -0.25%,       -1.00,   -3552.08, 1,413,728
20210915 21:09:59 ( 0.61,  -0.49 ) STMX  :       40.40,       40.40,   0.00%,        0.00,       0.00, 1,418,697
20210915 21:09:59 ( 0.61,   0.25 ) XLM   :      399.00,      398.00,  -0.25%,       -1.00,   -3552.08, 1,413,728
20210915 21:10:04 ( 0.61,  -0.25 ) STMX  :       40.40,       40.50,   0.25%,        0.10,    3511.63, 1,422,209
20210915 21:10:05 ( 0.61,   0.25 ) XLM   :      399.00,      398.00,  -0.25%,       -1.00,   -3552.08, 1,413,728
20210915 21:10:10 ( 0.61,  -0.49 ) STMX  :       40.40,       40.40,   0.00%,        0.00,       0.00, 1,418,697
20210915 21:10:10 ( 0.61,   0.25 ) XLM   :      399.00,      398.00,  -0.25%,       -1.00,   -3552.08, 1,413,728
20210915 21:10:15 ( 0.61,  -0.25 ) STMX  :       40.40,       40.50,   0.25%,        0.10,    3511.63, 1,422,209
20210915 21:10:15 ( 0.61,   0.50 ) XLM   :      399.00,      399.00,   0.00%,        0.00,       0.00, 1,417,280
20210915 21:10:20 ( 0.61,  -0.25 ) STMX  :       40.40,       40.50,   0.25%,        0.10,    3511.63, 1,422,209
20210915 21:10:20 ( 0.61,   0.50 ) XLM   :      399.00,      399.00,   0.00%,        0.00,       0.00, 1,417,280
20210915 21:10:25 ( 0.61,  -0.25 ) STMX  :       40.40,       40.50,   0.25%,        0.10,    3511.63, 1,422,209
20210915 21:10:26 ( 0.61,   0.50 ) XLM   :      399.00,      399.00,   0.00%,        0.00,       0.00, 1,417,280
20210915 21:10:31 ( 0.61,  -0.25 ) STMX  :       40.40,       40.50,   0.25%,        0.10,    3511.63, 1,422,209
20210915 21:10:31 ( 0.61,   0.50 ) XLM   :      399.00,      399.00,   0.00%,        0.00,       0.00, 1,417,280
20210915 21:10:36 ( 0.61,  -0.25 ) STMX  :       40.40,       40.50,   0.25%,        0.10,    3511.63, 1,422,209
20210915 21:10:36 ( 0.61,   0.76 ) XLM   :      399.00,      400.00,   0.25%,        1.00,    3552.08, 1,420,832
20210915 21:10:41 ( 0.61,  -0.25 ) STMX  :       40.40,       40.50,   0.25%,        0.10,    3511.63, 1,422,209
20210915 21:10:41 ( 0.61,   0.76 ) XLM   :      399.00,      400.00,   0.25%,        1.00,    3552.08, 1,420,832
20210915 21:10:46 ( 0.62,  -0.25 ) STMX  :       40.40,       40.50,   0.25%,        0.10,    3511.63, 1,422,209
20210915 21:10:47 ( 0.62,   0.76 ) XLM   :      399.00,      400.00,   0.25%,        1.00,    3552.08, 1,420,832
20210915 21:10:52 ( 0.62,  -0.25 ) STMX  :       40.40,       40.50,   0.25%,        0.10,    3511.63, 1,422,209
20210915 21:10:52 ( 0.62,   0.50 ) XLM   :      399.00,      399.00,   0.00%,        0.00,       0.00, 1,417,280
20210915 21:10:57 ( 0.60,  -0.25 ) STMX  :       40.40,       40.50,   0.25%,        0.10,    3511.63, 1,422,209
20210915 21:10:57 ( 0.60,   0.50 ) XLM   :      399.00,      399.00,   0.00%,        0.00,       0.00, 1,417,280
20210915 21:11:02 ( 0.60,  -0.25 ) STMX  :       40.40,       40.50,   0.25%,        0.10,    3511.63, 1,422,209
20210915 21:11:02 ( 0.60,   0.50 ) XLM   :      399.00,      399.00,   0.00%,        0.00,       0.00, 1,417,280
20210915 21:11:07 ( 0.60,  -0.49 ) STMX  :       40.40,       40.40,   0.00%,        0.00,       0.00, 1,418,697
20210915 21:11:07 ( 0.60,   0.50 ) XLM   :      399.00,      399.00,   0.00%,        0.00,       0.00, 1,417,280
20210915 21:11:13 ( 0.62,  -0.25 ) STMX  :       40.40,       40.50,   0.25%,        0.10,    3511.63, 1,422,209
20210915 21:11:13 ( 0.62,   0.50 ) XLM   :      399.00,      399.00,   0.00%,        0.00,       0.00, 1,417,280
20210915 21:11:18 ( 0.63,  -0.25 ) STMX  :       40.40,       40.50,   0.25%,        0.10,    3511.63, 1,422,209
20210915 21:11:18 ( 0.64,   0.50 ) XLM   :      399.00,      399.00,   0.00%,        0.00,       0.00, 1,417,280
20210915 21:11:23 ( 0.63,  -0.25 ) STMX  :       40.40,       40.50,   0.25%,        0.10,    3511.63, 1,422,209
20210915 21:11:23 ( 0.63,   0.50 ) XLM   :      399.00,      399.00,   0.00%,        0.00,       0.00, 1,417,280
20210915 21:11:28 ( 0.64,  -0.25 ) STMX  :       40.40,       40.50,   0.25%,        0.10,    3511.63, 1,422,209
20210915 21:11:28 ( 0.64,   0.50 ) XLM   :      399.00,      399.00,   0.00%,        0.00,       0.00, 1,417,280
20210915 21:11:33 ( 0.62,  -0.25 ) STMX  :       40.40,       40.50,   0.25%,        0.10,    3511.63, 1,422,209
20210915 21:11:34 ( 0.62,   0.76 ) XLM   :      399.00,      400.00,   0.25%,        1.00,    3552.08, 1,420,832
20210915 21:11:39 ( 0.62,  -0.25 ) STMX  :       40.40,       40.50,   0.25%,        0.10,    3511.63, 1,422,209
20210915 21:11:39 ( 0.62,   0.76 ) XLM   :      399.00,      400.00,   0.25%,        1.00,    3552.08, 1,420,832
20210915 21:11:44 ( 0.60,  -0.25 ) STMX  :       40.40,       40.50,   0.25%,        0.10,    3511.63, 1,422,209
20210915 21:11:44 ( 0.60,   0.76 ) XLM   :      399.00,      400.00,   0.25%,        1.00,    3552.08, 1,420,832
20210915 21:11:49 ( 0.59,  -0.25 ) STMX  :       40.40,       40.50,   0.25%,        0.10,    3511.63, 1,422,209
20210915 21:11:49 ( 0.59,   0.76 ) XLM   :      399.00,      400.00,   0.25%,        1.00,    3552.08, 1,420,832
20210915 21:11:54 ( 0.59,  -0.25 ) STMX  :       40.40,       40.50,   0.25%,        0.10,    3511.63, 1,422,209
20210915 21:11:54 ( 0.59,   0.76 ) XLM   :      399.00,      400.00,   0.25%,        1.00,    3552.08, 1,420,832
20210915 21:12:00 ( 0.65,  -0.25 ) STMX  :       40.40,       40.50,   0.25%,        0.10,    3511.63, 1,422,209
20210915 21:12:00 ( 0.65,   0.76 ) XLM   :      399.00,      400.00,   0.25%,        1.00,    3552.08, 1,420,832
20210915 21:12:05 ( 0.61,  -0.25 ) STMX  :       40.40,       40.50,   0.25%,        0.10,    3511.63, 1,422,209
20210915 21:12:05 ( 0.65,   0.76 ) XLM   :      399.00,      400.00,   0.25%,        1.00,    3552.08, 1,420,832
20210915 21:12:10 ( 0.65,  -0.25 ) STMX  :       40.40,       40.50,   0.25%,        0.10,    3511.63, 1,422,209
20210915 21:12:10 ( 0.65,   0.76 ) XLM   :      399.00,      400.00,   0.25%,        1.00,    3552.08, 1,420,832
20210915 21:12:15 ( 0.62,  -0.25 ) STMX  :       40.40,       40.50,   0.25%,        0.10,    3511.63, 1,422,209
20210915 21:12:15 ( 0.62,   0.76 ) XLM   :      399.00,      400.00,   0.25%,        1.00,    3552.08, 1,420,832
20210915 21:12:21 ( 0.65,  -0.25 ) STMX  :       40.40,       40.50,   0.25%,        0.10,    3511.63, 1,422,209
20210915 21:12:21 ( 0.65,   0.76 ) XLM   :      399.00,      400.00,   0.25%,        1.00,    3552.08, 1,420,832
20210915 21:12:26 ( 0.65,  -0.25 ) STMX  :       40.40,       40.50,   0.25%,        0.10,    3511.63, 1,422,209
20210915 21:12:26 ( 0.66,   0.76 ) XLM   :      399.00,      400.00,   0.25%,        1.00,    3552.08, 1,420,832
20210915 21:12:31 ( 0.65,  -0.25 ) STMX  :       40.40,       40.50,   0.25%,        0.10,    3511.63, 1,422,209
20210915 21:12:31 ( 0.65,   0.76 ) XLM   :      399.00,      400.00,   0.25%,        1.00,    3552.08, 1,420,832
20210915 21:12:36 ( 0.65,  -0.25 ) STMX  :       40.40,       40.50,   0.25%,        0.10,    3511.63, 1,422,209
20210915 21:12:36 ( 0.65,   1.01 ) XLM   :      399.00,      401.00,   0.50%,        2.00,    7104.16, 1,424,384
20210915 21:12:41 ( 0.65,  -0.25 ) STMX  :       40.40,       40.50,   0.25%,        0.10,    3511.63, 1,422,209
20210915 21:12:42 ( 0.65,   1.01 ) XLM   :      399.00,      401.00,   0.50%,        2.00,    7104.16, 1,424,384
20210915 21:12:47 ( 0.64,  -0.25 ) STMX  :       40.40,       40.50,   0.25%,        0.10,    3511.63, 1,422,209
20210915 21:12:47 ( 0.64,   1.01 ) XLM   :      399.00,      401.00,   0.50%,        2.00,    7104.16, 1,424,384
20210915 21:12:52 ( 0.65,  -0.25 ) STMX  :       40.40,       40.50,   0.25%,        0.10,    3511.63, 1,422,209
20210915 21:12:52 ( 0.65,   1.01 ) XLM   :      399.00,      401.00,   0.50%,        2.00,    7104.16, 1,424,384
20210915 21:12:57 ( 0.66,   0.00 ) STMX  :       40.40,       40.60,   0.50%,        0.20,    7023.26, 1,425,721
20210915 21:12:57 ( 0.66,   1.01 ) XLM   :      399.00,      401.00,   0.50%,        2.00,    7104.16, 1,424,384
20210915 21:13:02 ( 0.68,  -0.25 ) STMX  :       40.40,       40.50,   0.25%,        0.10,    3511.63, 1,422,209
20210915 21:13:03 ( 0.68,   1.01 ) XLM   :      399.00,      401.00,   0.50%,        2.00,    7104.16, 1,424,384
20210915 21:13:08 ( 0.66,  -0.25 ) STMX  :       40.40,       40.50,   0.25%,        0.10,    3511.63, 1,422,209
20210915 21:13:08 ( 0.66,   0.76 ) XLM   :      399.00,      400.00,   0.25%,        1.00,    3552.08, 1,420,832
20210915 21:13:13 ( 0.68,  -0.25 ) STMX  :       40.40,       40.50,   0.25%,        0.10,    3511.63, 1,422,209
20210915 21:13:13 ( 0.68,   0.76 ) XLM   :      399.00,      400.00,   0.25%,        1.00,    3552.08, 1,420,832
20210915 21:13:18 ( 0.69,  -0.25 ) STMX  :       40.40,       40.50,   0.25%,        0.10,    3511.63, 1,422,209
20210915 21:13:18 ( 0.69,   0.76 ) XLM   :      399.00,      400.00,   0.25%,        1.00,    3552.08, 1,420,832
20210915 21:13:23 ( 0.68,  -0.25 ) STMX  :       40.40,       40.50,   0.25%,        0.10,    3511.63, 1,422,209
20210915 21:13:23 ( 0.69,   0.76 ) XLM   :      399.00,      400.00,   0.25%,        1.00,    3552.08, 1,420,832
20210915 21:13:29 ( 0.68,  -0.25 ) STMX  :       40.40,       40.50,   0.25%,        0.10,    3511.63, 1,422,209
20210915 21:13:29 ( 0.68,   1.01 ) XLM   :      399.00,      401.00,   0.50%,        2.00,    7104.16, 1,424,384
20210915 21:13:34 ( 0.66,   0.00 ) STMX  :       40.40,       40.60,   0.50%,        0.20,    7023.26, 1,425,721
20210915 21:13:34 ( 0.66,   1.01 ) XLM   :      399.00,      401.00,   0.50%,        2.00,    7104.16, 1,424,384
20210915 21:13:39 ( 0.67,   0.00 ) STMX  :       40.40,       40.60,   0.50%,        0.20,    7023.26, 1,425,721
20210915 21:13:39 ( 0.67,   0.76 ) XLM   :      399.00,      400.00,   0.25%,        1.00,    3552.08, 1,420,832
20210915 21:13:44 ( 0.69,   0.00 ) STMX  :       40.40,       40.60,   0.50%,        0.20,    7023.26, 1,425,721
20210915 21:13:44 ( 0.69,   0.76 ) XLM   :      399.00,      400.00,   0.25%,        1.00,    3552.08, 1,420,832
20210915 21:13:50 ( 0.67,   0.00 ) STMX  :       40.40,       40.60,   0.50%,        0.20,    7023.26, 1,425,721
20210915 21:13:50 ( 0.67,   0.76 ) XLM   :      399.00,      400.00,   0.25%,        1.00,    3552.08, 1,420,832
20210915 21:13:55 ( 0.67,  -0.25 ) STMX  :       40.40,       40.50,   0.25%,        0.10,    3511.63, 1,422,209
20210915 21:13:55 ( 0.67,   0.76 ) XLM   :      399.00,      400.00,   0.25%,        1.00,    3552.08, 1,420,832
20210915 21:14:00 ( 0.68,   0.00 ) STMX  :       40.40,       40.60,   0.50%,        0.20,    7023.26, 1,425,721
20210915 21:14:00 ( 0.69,   0.76 ) XLM   :      399.00,      400.00,   0.25%,        1.00,    3552.08, 1,420,832
20210915 21:14:05 ( 0.72,   0.00 ) STMX  :       40.40,       40.60,   0.50%,        0.20,    7023.26, 1,425,721
20210915 21:14:05 ( 0.72,   0.76 ) XLM   :      399.00,      400.00,   0.25%,        1.00,    3552.08, 1,420,832
20210915 21:14:11 ( 0.72,   0.00 ) STMX  :       40.40,       40.60,   0.50%,        0.20,    7023.26, 1,425,721
20210915 21:14:11 ( 0.68,   0.76 ) XLM   :      399.00,      400.00,   0.25%,        1.00,    3552.08, 1,420,832
20210915 21:14:16 ( 0.68,   0.00 ) STMX  :       40.40,       40.60,   0.50%,        0.20,    7023.26, 1,425,721
20210915 21:14:16 ( 0.73,   0.76 ) XLM   :      399.00,      400.00,   0.25%,        1.00,    3552.08, 1,420,832
20210915 21:14:21 ( 0.72,   0.00 ) STMX  :       40.40,       40.60,   0.50%,        0.20,    7023.26, 1,425,721
20210915 21:14:21 ( 0.68,   0.76 ) XLM   :      399.00,      400.00,   0.25%,        1.00,    3552.08, 1,420,832
20210915 21:14:26 ( 0.70,   0.00 ) STMX  :       40.40,       40.60,   0.50%,        0.20,    7023.26, 1,425,721
20210915 21:14:26 ( 0.68,   0.76 ) XLM   :      399.00,      400.00,   0.25%,        1.00,    3552.08, 1,420,832
20210915 21:14:32 ( 0.68,   0.00 ) STMX  :       40.40,       40.60,   0.50%,        0.20,    7023.26, 1,425,721
20210915 21:14:32 ( 0.68,   1.01 ) XLM   :      399.00,      401.00,   0.50%,        2.00,    7104.16, 1,424,384
20210915 21:14:37 ( 0.72,   0.00 ) STMX  :       40.40,       40.60,   0.50%,        0.20,    7023.26, 1,425,721
20210915 21:14:37 ( 0.72,   0.76 ) XLM   :      399.00,      400.00,   0.25%,        1.00,    3552.08, 1,420,832
20210915 21:14:42 ( 0.68,   0.00 ) STMX  :       40.40,       40.60,   0.50%,        0.20,    7023.26, 1,425,721
20210915 21:14:42 ( 0.68,   0.76 ) XLM   :      399.00,      400.00,   0.25%,        1.00,    3552.08, 1,420,832
20210915 21:14:47 ( 0.68,   0.00 ) STMX  :       40.40,       40.60,   0.50%,        0.20,    7023.26, 1,425,721
20210915 21:14:47 ( 0.68,   0.76 ) XLM   :      399.00,      400.00,   0.25%,        1.00,    3552.08, 1,420,832
20210915 21:14:53 ( 0.68,   0.00 ) STMX  :       40.40,       40.60,   0.50%,        0.20,    7023.26, 1,425,721
20210915 21:14:53 ( 0.68,   0.76 ) XLM   :      399.00,      400.00,   0.25%,        1.00,    3552.08, 1,420,832
20210915 21:14:58 ( 0.72,   0.00 ) STMX  :       40.40,       40.60,   0.50%,        0.20,    7023.26, 1,425,721
20210915 21:14:58 ( 0.72,   0.76 ) XLM   :      399.00,      400.00,   0.25%,        1.00,    3552.08, 1,420,832
20210915 21:15:03 ( 0.68,   0.00 ) STMX  :       40.40,       40.60,   0.50%,        0.20,    7023.26, 1,425,721
20210915 21:15:03 ( 0.68,   0.76 ) XLM   :      399.00,      400.00,   0.25%,        1.00,    3552.08, 1,420,832
20210915 21:15:08 ( 0.69,   0.00 ) STMX  :       40.40,       40.60,   0.50%,        0.20,    7023.26, 1,425,721
20210915 21:15:08 ( 0.69,   0.76 ) XLM   :      399.00,      400.00,   0.25%,        1.00,    3552.08, 1,420,832
20210915 21:15:13 ( 0.72,   0.00 ) STMX  :       40.40,       40.60,   0.50%,        0.20,    7023.26, 1,425,721
20210915 21:15:14 ( 0.72,   0.76 ) XLM   :      399.00,      400.00,   0.25%,        1.00,    3552.08, 1,420,832
20210915 21:15:19 ( 0.72,   0.00 ) STMX  :       40.40,       40.60,   0.50%,        0.20,    7023.26, 1,425,721
20210915 21:15:19 ( 0.72,   0.76 ) XLM   :      399.00,      400.00,   0.25%,        1.00,    3552.08, 1,420,832
20210915 21:15:24 ( 0.72,   0.00 ) STMX  :       40.40,       40.60,   0.50%,        0.20,    7023.26, 1,425,721
20210915 21:15:24 ( 0.72,   0.76 ) XLM   :      399.00,      400.00,   0.25%,        1.00,    3552.08, 1,420,832
20210915 21:15:29 ( 0.72,   0.00 ) STMX  :       40.40,       40.60,   0.50%,        0.20,    7023.26, 1,425,721
20210915 21:15:29 ( 0.72,   1.01 ) XLM   :      399.00,      401.00,   0.50%,        2.00,    7104.16, 1,424,384
20210915 21:15:34 ( 0.73,   0.00 ) STMX  :       40.40,       40.60,   0.50%,        0.20,    7023.26, 1,425,721
20210915 21:15:34 ( 0.73,   1.01 ) XLM   :      399.00,      401.00,   0.50%,        2.00,    7104.16, 1,424,384
20210915 21:15:40 ( 0.73,   0.00 ) STMX  :       40.40,       40.60,   0.50%,        0.20,    7023.26, 1,425,721
20210915 21:15:40 ( 0.73,   1.01 ) XLM   :      399.00,      401.00,   0.50%,        2.00,    7104.16, 1,424,384
20210915 21:15:45 ( 0.72,   0.25 ) STMX  :       40.40,       40.70,   0.74%,        0.30,   10534.89, 1,429,232
20210915 21:15:45 ( 0.72,   1.01 ) XLM   :      399.00,      401.00,   0.50%,        2.00,    7104.16, 1,424,384
20210915 21:15:50 ( 0.72,   0.25 ) STMX  :       40.40,       40.70,   0.74%,        0.30,   10534.89, 1,429,232
20210915 21:15:50 ( 0.72,   1.01 ) XLM   :      399.00,      401.00,   0.50%,        2.00,    7104.16, 1,424,384
20210915 21:15:55 ( 0.72,   0.25 ) STMX  :       40.40,       40.70,   0.74%,        0.30,   10534.89, 1,429,232
20210915 21:15:55 ( 0.72,   1.01 ) XLM   :      399.00,      401.00,   0.50%,        2.00,    7104.16, 1,424,384
20210915 21:16:01 ( 0.72,   0.25 ) STMX  :       40.40,       40.70,   0.74%,        0.30,   10534.89, 1,429,232
20210915 21:16:01 ( 0.72,   1.01 ) XLM   :      399.00,      401.00,   0.50%,        2.00,    7104.16, 1,424,384
20210915 21:16:06 ( 0.74,   0.25 ) STMX  :       40.40,       40.70,   0.74%,        0.30,   10534.89, 1,429,232
20210915 21:16:06 ( 0.74,   1.01 ) XLM   :      399.00,      401.00,   0.50%,        2.00,    7104.16, 1,424,384
20210915 21:16:11 ( 0.74,   0.25 ) STMX  :       40.40,       40.70,   0.74%,        0.30,   10534.89, 1,429,232
20210915 21:16:11 ( 0.74,   1.01 ) XLM   :      399.00,      401.00,   0.50%,        2.00,    7104.16, 1,424,384
20210915 21:16:16 ( 0.72,   0.25 ) STMX  :       40.40,       40.70,   0.74%,        0.30,   10534.89, 1,429,232
20210915 21:16:16 ( 0.72,   1.01 ) XLM   :      399.00,      401.00,   0.50%,        2.00,    7104.16, 1,424,384
20210915 21:16:22 ( 0.73,   0.25 ) STMX  :       40.40,       40.70,   0.74%,        0.30,   10534.89, 1,429,232
20210915 21:16:22 ( 0.73,   1.01 ) XLM   :      399.00,      401.00,   0.50%,        2.00,    7104.16, 1,424,384
20210915 21:16:27 ( 0.73,   0.25 ) STMX  :       40.40,       40.70,   0.74%,        0.30,   10534.89, 1,429,232
20210915 21:16:27 ( 0.73,   1.01 ) XLM   :      399.00,      401.00,   0.50%,        2.00,    7104.16, 1,424,384
20210915 21:16:32 ( 0.72,   0.25 ) STMX  :       40.40,       40.70,   0.74%,        0.30,   10534.89, 1,429,232
20210915 21:16:32 ( 0.72,   1.01 ) XLM   :      399.00,      401.00,   0.50%,        2.00,    7104.16, 1,424,384
20210915 21:16:37 ( 0.70,   0.25 ) STMX  :       40.40,       40.70,   0.74%,        0.30,   10534.89, 1,429,232
20210915 21:16:37 ( 0.70,   0.76 ) XLM   :      399.00,      400.00,   0.25%,        1.00,    3552.08, 1,420,832
20210915 21:16:43 ( 0.66,   0.25 ) STMX  :       40.40,       40.70,   0.74%,        0.30,   10534.89, 1,429,232
20210915 21:16:43 ( 0.66,   0.76 ) XLM   :      399.00,      400.00,   0.25%,        1.00,    3552.08, 1,420,832
20210915 21:16:48 ( 0.65,   0.25 ) STMX  :       40.40,       40.70,   0.74%,        0.30,   10534.89, 1,429,232
20210915 21:16:48 ( 0.63,   0.76 ) XLM   :      399.00,      400.00,   0.25%,        1.00,    3552.08, 1,420,832
20210915 21:16:53 ( 0.63,   0.25 ) STMX  :       40.40,       40.70,   0.74%,        0.30,   10534.89, 1,429,232
20210915 21:16:53 ( 0.63,   0.76 ) XLM   :      399.00,      400.00,   0.25%,        1.00,    3552.08, 1,420,832
20210915 21:16:58 ( 0.63,   0.25 ) STMX  :       40.40,       40.70,   0.74%,        0.30,   10534.89, 1,429,232
20210915 21:16:58 ( 0.63,   0.76 ) XLM   :      399.00,      400.00,   0.25%,        1.00,    3552.08, 1,420,832
20210915 21:17:04 ( 0.63,   0.25 ) STMX  :       40.40,       40.70,   0.74%,        0.30,   10534.89, 1,429,232
20210915 21:17:04 ( 0.63,   0.76 ) XLM   :      399.00,      400.00,   0.25%,        1.00,    3552.08, 1,420,832
20210915 21:17:09 ( 0.63,   0.25 ) STMX  :       40.40,       40.70,   0.74%,        0.30,   10534.89, 1,429,232
20210915 21:17:09 ( 0.63,   0.76 ) XLM   :      399.00,      400.00,   0.25%,        1.00,    3552.08, 1,420,832
20210915 21:17:14 ( 0.63,   0.25 ) STMX  :       40.40,       40.70,   0.74%,        0.30,   10534.89, 1,429,232
20210915 21:17:14 ( 0.63,   0.76 ) XLM   :      399.00,      400.00,   0.25%,        1.00,    3552.08, 1,420,832
20210915 21:17:19 ( 0.63,   0.25 ) STMX  :       40.40,       40.70,   0.74%,        0.30,   10534.89, 1,429,232
20210915 21:17:19 ( 0.63,   1.01 ) XLM   :      399.00,      401.00,   0.50%,        2.00,    7104.16, 1,424,384
20210915 21:17:25 ( 0.63,   0.25 ) STMX  :       40.40,       40.70,   0.74%,        0.30,   10534.89, 1,429,232
20210915 21:17:25 ( 0.63,   1.01 ) XLM   :      399.00,      401.00,   0.50%,        2.00,    7104.16, 1,424,384
20210915 21:17:30 ( 0.63,   0.25 ) STMX  :       40.40,       40.70,   0.74%,        0.30,   10534.89, 1,429,232
20210915 21:17:30 ( 0.63,   1.01 ) XLM   :      399.00,      401.00,   0.50%,        2.00,    7104.16, 1,424,384
20210915 21:17:35 ( 0.63,   0.25 ) STMX  :       40.40,       40.70,   0.74%,        0.30,   10534.89, 1,429,232
20210915 21:17:35 ( 0.63,   1.01 ) XLM   :      399.00,      401.00,   0.50%,        2.00,    7104.16, 1,424,384
20210915 21:17:40 ( 0.63,   0.25 ) STMX  :       40.40,       40.70,   0.74%,        0.30,   10534.89, 1,429,232
20210915 21:17:41 ( 0.63,   1.01 ) XLM   :      399.00,      401.00,   0.50%,        2.00,    7104.16, 1,424,384
20210915 21:17:46 ( 0.63,   0.25 ) STMX  :       40.40,       40.70,   0.74%,        0.30,   10534.89, 1,429,232
20210915 21:17:46 ( 0.63,   1.01 ) XLM   :      399.00,      401.00,   0.50%,        2.00,    7104.16, 1,424,384
20210915 21:17:51 ( 0.61,   0.25 ) STMX  :       40.40,       40.70,   0.74%,        0.30,   10534.89, 1,429,232
20210915 21:17:51 ( 0.61,   1.01 ) XLM   :      399.00,      401.00,   0.50%,        2.00,    7104.16, 1,424,384
20210915 21:17:56 ( 0.61,   0.25 ) STMX  :       40.40,       40.70,   0.74%,        0.30,   10534.89, 1,429,232
20210915 21:17:56 ( 0.61,   0.76 ) XLM   :      399.00,      400.00,   0.25%,        1.00,    3552.08, 1,420,832
20210915 21:18:01 ( 0.61,   0.25 ) STMX  :       40.40,       40.70,   0.74%,        0.30,   10534.89, 1,429,232
20210915 21:18:02 ( 0.61,   0.76 ) XLM   :      399.00,      400.00,   0.25%,        1.00,    3552.08, 1,420,832
20210915 21:18:07 ( 0.62,   0.25 ) STMX  :       40.40,       40.70,   0.74%,        0.30,   10534.89, 1,429,232
20210915 21:18:07 ( 0.62,   0.76 ) XLM   :      399.00,      400.00,   0.25%,        1.00,    3552.08, 1,420,832
20210915 21:18:12 ( 0.61,   0.25 ) STMX  :       40.40,       40.70,   0.74%,        0.30,   10534.89, 1,429,232
20210915 21:18:12 ( 0.61,   0.76 ) XLM   :      399.00,      400.00,   0.25%,        1.00,    3552.08, 1,420,832
20210915 21:18:17 ( 0.61,   0.25 ) STMX  :       40.40,       40.70,   0.74%,        0.30,   10534.89, 1,429,232
20210915 21:18:17 ( 0.61,   0.76 ) XLM   :      399.00,      400.00,   0.25%,        1.00,    3552.08, 1,420,832
20210915 21:18:22 ( 0.61,   0.25 ) STMX  :       40.40,       40.70,   0.74%,        0.30,   10534.89, 1,429,232
20210915 21:18:22 ( 0.61,   1.01 ) XLM   :      399.00,      401.00,   0.50%,        2.00,    7104.16, 1,424,384
20210915 21:18:28 ( 0.61,   0.25 ) STMX  :       40.40,       40.70,   0.74%,        0.30,   10534.89, 1,429,232
20210915 21:18:28 ( 0.61,   1.01 ) XLM   :      399.00,      401.00,   0.50%,        2.00,    7104.16, 1,424,384
20210915 21:18:33 ( 0.61,   0.25 ) STMX  :       40.40,       40.70,   0.74%,        0.30,   10534.89, 1,429,232
20210915 21:18:33 ( 0.61,   1.01 ) XLM   :      399.00,      401.00,   0.50%,        2.00,    7104.16, 1,424,384
20210915 21:18:38 ( 0.59,   0.25 ) STMX  :       40.40,       40.70,   0.74%,        0.30,   10534.89, 1,429,232
20210915 21:18:38 ( 0.56,   0.76 ) XLM   :      399.00,      400.00,   0.25%,        1.00,    3552.08, 1,420,832
20210915 21:18:43 ( 0.56,   0.25 ) STMX  :       40.40,       40.70,   0.74%,        0.30,   10534.89, 1,429,232
20210915 21:18:43 ( 0.59,   0.76 ) XLM   :      399.00,      400.00,   0.25%,        1.00,    3552.08, 1,420,832
20210915 21:18:48 ( 0.56,   0.25 ) STMX  :       40.40,       40.70,   0.74%,        0.30,   10534.89, 1,429,232
20210915 21:18:49 ( 0.56,   0.76 ) XLM   :      399.00,      400.00,   0.25%,        1.00,    3552.08, 1,420,832
20210915 21:18:54 ( 0.56,   0.25 ) STMX  :       40.40,       40.70,   0.74%,        0.30,   10534.89, 1,429,232
20210915 21:18:54 ( 0.56,   0.76 ) XLM   :      399.00,      400.00,   0.25%,        1.00,    3552.08, 1,420,832
20210915 21:18:59 ( 0.56,   0.25 ) STMX  :       40.40,       40.70,   0.74%,        0.30,   10534.89, 1,429,232
20210915 21:18:59 ( 0.56,   0.76 ) XLM   :      399.00,      400.00,   0.25%,        1.00,    3552.08, 1,420,832
20210915 21:19:04 ( 0.56,   0.00 ) STMX  :       40.40,       40.60,   0.50%,        0.20,    7023.26, 1,425,721
20210915 21:19:04 ( 0.56,   0.76 ) XLM   :      399.00,      400.00,   0.25%,        1.00,    3552.08, 1,420,832
20210915 21:19:09 ( 0.56,   0.00 ) STMX  :       40.40,       40.60,   0.50%,        0.20,    7023.26, 1,425,721
20210915 21:19:09 ( 0.56,   0.76 ) XLM   :      399.00,      400.00,   0.25%,        1.00,    3552.08, 1,420,832
20210915 21:19:15 ( 0.56,   0.00 ) STMX  :       40.40,       40.60,   0.50%,        0.20,    7023.26, 1,425,721
20210915 21:19:15 ( 0.56,   0.76 ) XLM   :      399.00,      400.00,   0.25%,        1.00,    3552.08, 1,420,832
20210915 21:19:20 ( 0.56,   0.00 ) STMX  :       40.40,       40.60,   0.50%,        0.20,    7023.26, 1,425,721
20210915 21:19:20 ( 0.56,   0.76 ) XLM   :      399.00,      400.00,   0.25%,        1.00,    3552.08, 1,420,832
20210915 21:19:25 ( 0.56,   0.00 ) STMX  :       40.40,       40.60,   0.50%,        0.20,    7023.26, 1,425,721
20210915 21:19:25 ( 0.56,   0.76 ) XLM   :      399.00,      400.00,   0.25%,        1.00,    3552.08, 1,420,832
20210915 21:19:30 ( 0.58,   0.00 ) STMX  :       40.40,       40.60,   0.50%,        0.20,    7023.26, 1,425,721
20210915 21:19:30 ( 0.58,   0.76 ) XLM   :      399.00,      400.00,   0.25%,        1.00,    3552.08, 1,420,832
20210915 21:19:35 ( 0.56,   0.49 ) STMX  :       40.40,       40.80,   0.99%,        0.40,   14046.51, 1,432,744
20210915 21:19:36 ( 0.56,   0.76 ) XLM   :      399.00,      400.00,   0.25%,        1.00,    3552.08, 1,420,832
20210915 21:19:41 ( 0.56,   0.49 ) STMX  :       40.40,       40.80,   0.99%,        0.40,   14046.51, 1,432,744
20210915 21:19:41 ( 0.56,   0.76 ) XLM   :      399.00,      400.00,   0.25%,        1.00,    3552.08, 1,420,832
20210915 21:19:46 ( 0.56,   0.25 ) STMX  :       40.40,       40.70,   0.74%,        0.30,   10534.89, 1,429,232
20210915 21:19:46 ( 0.56,   0.76 ) XLM   :      399.00,      400.00,   0.25%,        1.00,    3552.08, 1,420,832
20210915 21:19:51 ( 0.52,   0.25 ) STMX  :       40.40,       40.70,   0.74%,        0.30,   10534.89, 1,429,232
20210915 21:19:51 ( 0.52,   1.01 ) XLM   :      399.00,      401.00,   0.50%,        2.00,    7104.16, 1,424,384
20210915 21:19:56 ( 0.52,   0.25 ) STMX  :       40.40,       40.70,   0.74%,        0.30,   10534.89, 1,429,232
20210915 21:19:57 ( 0.52,   0.76 ) XLM   :      399.00,      400.00,   0.25%,        1.00,    3552.08, 1,420,832
20210915 21:20:02 ( 0.49,   0.25 ) STMX  :       40.40,       40.70,   0.74%,        0.30,   10534.89, 1,429,232
20210915 21:20:02 ( 0.49,   0.76 ) XLM   :      399.00,      400.00,   0.25%,        1.00,    3552.08, 1,420,832
20210915 21:20:07 ( 0.49,   0.25 ) STMX  :       40.40,       40.70,   0.74%,        0.30,   10534.89, 1,429,232
20210915 21:20:07 ( 0.50,   0.76 ) XLM   :      399.00,      400.00,   0.25%,        1.00,    3552.08, 1,420,832
20210915 21:20:12 ( 0.49,   0.25 ) STMX  :       40.40,       40.70,   0.74%,        0.30,   10534.89, 1,429,232
20210915 21:20:13 ( 0.49,   0.76 ) XLM   :      399.00,      400.00,   0.25%,        1.00,    3552.08, 1,420,832
20210915 21:20:18 ( 0.49,   0.25 ) STMX  :       40.40,       40.70,   0.74%,        0.30,   10534.89, 1,429,232
20210915 21:20:18 ( 0.49,   0.76 ) XLM   :      399.00,      400.00,   0.25%,        1.00,    3552.08, 1,420,832
20210915 21:20:23 ( 0.47,   0.49 ) STMX  :       40.40,       40.80,   0.99%,        0.40,   14046.51, 1,432,744
20210915 21:20:23 ( 0.47,   0.76 ) XLM   :      399.00,      400.00,   0.25%,        1.00,    3552.08, 1,420,832
20210915 21:20:28 ( 0.47,   0.49 ) STMX  :       40.40,       40.80,   0.99%,        0.40,   14046.51, 1,432,744
20210915 21:20:28 ( 0.47,   0.76 ) XLM   :      399.00,      400.00,   0.25%,        1.00,    3552.08, 1,420,832
20210915 21:20:33 ( 0.46,   0.49 ) STMX  :       40.40,       40.80,   0.99%,        0.40,   14046.51, 1,432,744
20210915 21:20:34 ( 0.46,   0.76 ) XLM   :      399.00,      400.00,   0.25%,        1.00,    3552.08, 1,420,832
20210915 21:20:39 ( 0.46,   0.49 ) STMX  :       40.40,       40.80,   0.99%,        0.40,   14046.51, 1,432,744
20210915 21:20:39 ( 0.46,   0.76 ) XLM   :      399.00,      400.00,   0.25%,        1.00,    3552.08, 1,420,832
20210915 21:20:44 ( 0.46,   0.49 ) STMX  :       40.40,       40.80,   0.99%,        0.40,   14046.51, 1,432,744
20210915 21:20:44 ( 0.46,   0.76 ) XLM   :      399.00,      400.00,   0.25%,        1.00,    3552.08, 1,420,832
20210915 21:20:49 ( 0.46,   0.49 ) STMX  :       40.40,       40.80,   0.99%,        0.40,   14046.51, 1,432,744
20210915 21:20:49 ( 0.46,   0.76 ) XLM   :      399.00,      400.00,   0.25%,        1.00,    3552.08, 1,420,832
20210915 21:20:54 ( 0.46,   0.49 ) STMX  :       40.40,       40.80,   0.99%,        0.40,   14046.51, 1,432,744
20210915 21:20:54 ( 0.46,   0.76 ) XLM   :      399.00,      400.00,   0.25%,        1.00,    3552.08, 1,420,832
20210915 21:21:00 ( 0.46,   0.49 ) STMX  :       40.40,       40.80,   0.99%,        0.40,   14046.51, 1,432,744
20210915 21:21:00 ( 0.46,   0.76 ) XLM   :      399.00,      400.00,   0.25%,        1.00,    3552.08, 1,420,832
20210915 21:21:05 ( 0.46,   0.49 ) STMX  :       40.40,       40.80,   0.99%,        0.40,   14046.51, 1,432,744
20210915 21:21:05 ( 0.46,   0.76 ) XLM   :      399.00,      400.00,   0.25%,        1.00,    3552.08, 1,420,832
20210915 21:21:10 ( 0.46,   0.49 ) STMX  :       40.40,       40.80,   0.99%,        0.40,   14046.51, 1,432,744
20210915 21:21:10 ( 0.46,   0.76 ) XLM   :      399.00,      400.00,   0.25%,        1.00,    3552.08, 1,420,832
20210915 21:21:15 ( 0.46,   0.49 ) STMX  :       40.40,       40.80,   0.99%,        0.40,   14046.51, 1,432,744
20210915 21:21:15 ( 0.46,   0.76 ) XLM   :      399.00,      400.00,   0.25%,        1.00,    3552.08, 1,420,832
20210915 21:21:21 ( 0.47,   0.49 ) STMX  :       40.40,       40.80,   0.99%,        0.40,   14046.51, 1,432,744
20210915 21:21:21 ( 0.47,   0.76 ) XLM   :      399.00,      400.00,   0.25%,        1.00,    3552.08, 1,420,832
20210915 21:21:26 ( 0.48,   0.49 ) STMX  :       40.40,       40.80,   0.99%,        0.40,   14046.51, 1,432,744
20210915 21:21:26 ( 0.48,   0.76 ) XLM   :      399.00,      400.00,   0.25%,        1.00,    3552.08, 1,420,832
20210915 21:21:31 ( 0.49,   0.49 ) STMX  :       40.40,       40.80,   0.99%,        0.40,   14046.51, 1,432,744
20210915 21:21:31 ( 0.49,   0.76 ) XLM   :      399.00,      400.00,   0.25%,        1.00,    3552.08, 1,420,832
20210915 21:21:36 ( 0.49,   0.49 ) STMX  :       40.40,       40.80,   0.99%,        0.40,   14046.51, 1,432,744
20210915 21:21:36 ( 0.49,   0.76 ) XLM   :      399.00,      400.00,   0.25%,        1.00,    3552.08, 1,420,832
20210915 21:21:41 ( 0.49,   0.49 ) STMX  :       40.40,       40.80,   0.99%,        0.40,   14046.51, 1,432,744
20210915 21:21:42 ( 0.49,   0.76 ) XLM   :      399.00,      400.00,   0.25%,        1.00,    3552.08, 1,420,832
20210915 21:21:47 ( 0.52,   0.49 ) STMX  :       40.40,       40.80,   0.99%,        0.40,   14046.51, 1,432,744
20210915 21:21:47 ( 0.52,   0.76 ) XLM   :      399.00,      400.00,   0.25%,        1.00,    3552.08, 1,420,832
20210915 21:21:52 ( 0.52,   0.49 ) STMX  :       40.40,       40.80,   0.99%,        0.40,   14046.51, 1,432,744
20210915 21:21:52 ( 0.52,   0.76 ) XLM   :      399.00,      400.00,   0.25%,        1.00,    3552.08, 1,420,832
20210915 21:21:57 ( 0.52,   0.49 ) STMX  :       40.40,       40.80,   0.99%,        0.40,   14046.51, 1,432,744
20210915 21:21:57 ( 0.52,   0.50 ) XLM   :      399.00,      399.00,   0.00%,        0.00,       0.00, 1,417,280
20210915 21:22:03 ( 0.52,   0.49 ) STMX  :       40.40,       40.80,   0.99%,        0.40,   14046.51, 1,432,744
20210915 21:22:03 ( 0.52,   0.50 ) XLM   :      399.00,      399.00,   0.00%,        0.00,       0.00, 1,417,280
20210915 21:22:08 ( 0.52,   0.49 ) STMX  :       40.40,       40.80,   0.99%,        0.40,   14046.51, 1,432,744
20210915 21:22:08 ( 0.52,   0.50 ) XLM   :      399.00,      399.00,   0.00%,        0.00,       0.00, 1,417,280
20210915 21:22:13 ( 0.52,   0.49 ) STMX  :       40.40,       40.80,   0.99%,        0.40,   14046.51, 1,432,744
20210915 21:22:13 ( 0.52,   0.50 ) XLM   :      399.00,      399.00,   0.00%,        0.00,       0.00, 1,417,280
20210915 21:22:18 ( 0.52,   0.49 ) STMX  :       40.40,       40.80,   0.99%,        0.40,   14046.51, 1,432,744
20210915 21:22:18 ( 0.52,   0.50 ) XLM   :      399.00,      399.00,   0.00%,        0.00,       0.00, 1,417,280
20210915 21:22:24 ( 0.53,   0.49 ) STMX  :       40.40,       40.80,   0.99%,        0.40,   14046.51, 1,432,744
20210915 21:22:24 ( 0.53,   0.76 ) XLM   :      399.00,      400.00,   0.25%,        1.00,    3552.08, 1,420,832
20210915 21:22:29 ( 0.52,   0.49 ) STMX  :       40.40,       40.80,   0.99%,        0.40,   14046.51, 1,432,744
20210915 21:22:29 ( 0.52,   0.76 ) XLM   :      399.00,      400.00,   0.25%,        1.00,    3552.08, 1,420,832
20210915 21:22:34 ( 0.52,   0.49 ) STMX  :       40.40,       40.80,   0.99%,        0.40,   14046.51, 1,432,744
20210915 21:22:34 ( 0.52,   0.76 ) XLM   :      399.00,      400.00,   0.25%,        1.00,    3552.08, 1,420,832
20210915 21:22:39 ( 0.52,   0.49 ) STMX  :       40.40,       40.80,   0.99%,        0.40,   14046.51, 1,432,744
20210915 21:22:39 ( 0.52,   0.50 ) XLM   :      399.00,      399.00,   0.00%,        0.00,       0.00, 1,417,280
20210915 21:22:44 ( 0.52,   0.49 ) STMX  :       40.40,       40.80,   0.99%,        0.40,   14046.51, 1,432,744
20210915 21:22:44 ( 0.52,   0.76 ) XLM   :      399.00,      400.00,   0.25%,        1.00,    3552.08, 1,420,832
20210915 21:22:50 ( 0.52,   0.49 ) STMX  :       40.40,       40.80,   0.99%,        0.40,   14046.51, 1,432,744
20210915 21:22:50 ( 0.52,   0.76 ) XLM   :      399.00,      400.00,   0.25%,        1.00,    3552.08, 1,420,832
20210915 21:22:55 ( 0.52,   0.49 ) STMX  :       40.40,       40.80,   0.99%,        0.40,   14046.51, 1,432,744
20210915 21:22:55 ( 0.52,   0.76 ) XLM   :      399.00,      400.00,   0.25%,        1.00,    3552.08, 1,420,832
20210915 21:23:00 ( 0.53,   0.74 ) STMX  :       40.40,       40.90,   1.24%,        0.50,   17558.14, 1,436,256
20210915 21:23:00 ( 0.52,   0.76 ) XLM   :      399.00,      400.00,   0.25%,        1.00,    3552.08, 1,420,832
20210915 21:23:05 ( 0.52,   0.99 ) STMX  :       40.40,       41.00,   1.49%,        0.60,   21069.77, 1,439,767
20210915 21:23:05 ( 0.52,   0.50 ) XLM   :      399.00,      399.00,   0.00%,        0.00,       0.00, 1,417,280
20210915 21:23:10 ( 0.53,   0.74 ) STMX  :       40.40,       40.90,   1.24%,        0.50,   17558.14, 1,436,256
20210915 21:23:11 ( 0.53,   0.50 ) XLM   :      399.00,      399.00,   0.00%,        0.00,       0.00, 1,417,280
20210915 21:23:16 ( 0.53,   0.99 ) STMX  :       40.40,       41.00,   1.49%,        0.60,   21069.77, 1,439,767
20210915 21:23:16 ( 0.53,   0.50 ) XLM   :      399.00,      399.00,   0.00%,        0.00,       0.00, 1,417,280
20210915 21:23:21 ( 0.53,   0.99 ) STMX  :       40.40,       41.00,   1.49%,        0.60,   21069.77, 1,439,767
20210915 21:23:21 ( 0.53,   0.50 ) XLM   :      399.00,      399.00,   0.00%,        0.00,       0.00, 1,417,280
20210915 21:23:26 ( 0.53,   0.99 ) STMX  :       40.40,       41.00,   1.49%,        0.60,   21069.77, 1,439,767
20210915 21:23:26 ( 0.53,   0.50 ) XLM   :      399.00,      399.00,   0.00%,        0.00,       0.00, 1,417,280
20210915 21:23:31 ( 0.56,   0.99 ) STMX  :       40.40,       41.00,   1.49%,        0.60,   21069.77, 1,439,767
20210915 21:23:31 ( 0.56,   0.50 ) XLM   :      399.00,      399.00,   0.00%,        0.00,       0.00, 1,417,280
20210915 21:23:37 ( 0.53,   0.74 ) STMX  :       40.40,       40.90,   1.24%,        0.50,   17558.14, 1,436,256
20210915 21:23:37 ( 0.53,   0.50 ) XLM   :      399.00,      399.00,   0.00%,        0.00,       0.00, 1,417,280
20210915 21:23:42 ( 0.56,   0.74 ) STMX  :       40.40,       40.90,   1.24%,        0.50,   17558.14, 1,436,256
20210915 21:23:42 ( 0.56,   0.50 ) XLM   :      399.00,      399.00,   0.00%,        0.00,       0.00, 1,417,280
20210915 21:23:47 ( 0.52,   0.74 ) STMX  :       40.40,       40.90,   1.24%,        0.50,   17558.14, 1,436,256
20210915 21:23:47 ( 0.56,   0.50 ) XLM   :      399.00,      399.00,   0.00%,        0.00,       0.00, 1,417,280
20210915 21:23:52 ( 0.52,   1.23 ) STMX  :       40.40,       41.10,   1.73%,        0.70,   24581.40, 1,443,279
20210915 21:23:52 ( 0.53,   0.50 ) XLM   :      399.00,      399.00,   0.00%,        0.00,       0.00, 1,417,280
20210915 21:23:57 ( 0.53,   1.23 ) STMX  :       40.40,       41.10,   1.73%,        0.70,   24581.40, 1,443,279
20210915 21:23:58 ( 0.57,   0.50 ) XLM   :      399.00,      399.00,   0.00%,        0.00,       0.00, 1,417,280
20210915 21:24:03 ( 0.58,   0.99 ) STMX  :       40.40,       41.00,   1.49%,        0.60,   21069.77, 1,439,767
20210915 21:24:03 ( 0.58,   0.50 ) XLM   :      399.00,      399.00,   0.00%,        0.00,       0.00, 1,417,280
20210915 21:24:08 ( 0.57,   0.99 ) STMX  :       40.40,       41.00,   1.49%,        0.60,   21069.77, 1,439,767
20210915 21:24:08 ( 0.57,   0.50 ) XLM   :      399.00,      399.00,   0.00%,        0.00,       0.00, 1,417,280
20210915 21:24:13 ( 0.55,   1.48 ) STMX  :       40.40,       41.20,   1.98%,        0.80,   28093.03, 1,446,791
20210915 21:24:13 ( 0.58,   0.76 ) XLM   :      399.00,      400.00,   0.25%,        1.00,    3552.08, 1,420,832
20210915 21:24:18 ( 0.58,   1.48 ) STMX  :       40.40,       41.20,   1.98%,        0.80,   28093.03, 1,446,791
20210915 21:24:18 ( 0.58,   0.76 ) XLM   :      399.00,      400.00,   0.25%,        1.00,    3552.08, 1,420,832
20210915 21:24:24 ( 0.58,   1.48 ) STMX  :       40.40,       41.20,   1.98%,        0.80,   28093.03, 1,446,791
20210915 21:24:24 ( 0.58,   0.76 ) XLM   :      399.00,      400.00,   0.25%,        1.00,    3552.08, 1,420,832
20210915 21:24:29 ( 0.58,   1.23 ) STMX  :       40.40,       41.10,   1.73%,        0.70,   24581.40, 1,443,279
20210915 21:24:29 ( 0.58,   0.76 ) XLM   :      399.00,      400.00,   0.25%,        1.00,    3552.08, 1,420,832
20210915 21:24:34 ( 0.58,   1.23 ) STMX  :       40.40,       41.10,   1.73%,        0.70,   24581.40, 1,443,279
20210915 21:24:34 ( 0.58,   0.76 ) XLM   :      399.00,      400.00,   0.25%,        1.00,    3552.08, 1,420,832
20210915 21:24:39 ( 0.56,   1.23 ) STMX  :       40.40,       41.10,   1.73%,        0.70,   24581.40, 1,443,279
20210915 21:24:39 ( 0.56,   0.76 ) XLM   :      399.00,      400.00,   0.25%,        1.00,    3552.08, 1,420,832
20210915 21:24:44 ( 0.58,   1.23 ) STMX  :       40.40,       41.10,   1.73%,        0.70,   24581.40, 1,443,279
20210915 21:24:44 ( 0.58,   0.50 ) XLM   :      399.00,      399.00,   0.00%,        0.00,       0.00, 1,417,280
20210915 21:24:50 ( 0.58,   1.48 ) STMX  :       40.40,       41.20,   1.98%,        0.80,   28093.03, 1,446,791
20210915 21:25:13 ( 0.58,   0.50 ) XLM   :      399.00,      399.00,   0.00%,        0.00,       0.00, 1,417,280
20210915 21:25:18 ( 0.55,   1.48 ) STMX  :       40.40,       41.20,   1.98%,        0.80,   28093.03, 1,446,791
20210915 21:25:18 ( 0.55,   0.50 ) XLM   :      399.00,      399.00,   0.00%,        0.00,       0.00, 1,417,280
20210915 21:25:23 ( 0.55,   1.48 ) STMX  :       40.40,       41.20,   1.98%,        0.80,   28093.03, 1,446,791
20210915 21:25:24 ( 0.55,   0.50 ) XLM   :      399.00,      399.00,   0.00%,        0.00,       0.00, 1,417,280
20210915 21:25:29 ( 0.55,   1.48 ) STMX  :       40.40,       41.20,   1.98%,        0.80,   28093.03, 1,446,791
20210915 21:25:29 ( 0.55,   0.50 ) XLM   :      399.00,      399.00,   0.00%,        0.00,       0.00, 1,417,280
20210915 21:25:34 ( 0.55,   1.72 ) STMX  :       40.40,       41.30,   2.23%,        0.90,   31604.66, 1,450,302
20210915 21:25:34 ( 0.55,   0.50 ) XLM   :      399.00,      399.00,   0.00%,        0.00,       0.00, 1,417,280
20210915 21:25:39 ( 0.59,   1.48 ) STMX  :       40.40,       41.20,   1.98%,        0.80,   28093.03, 1,446,791
20210915 21:25:39 ( 0.59,   0.50 ) XLM   :      399.00,      399.00,   0.00%,        0.00,       0.00, 1,417,280
20210915 21:25:44 ( 0.55,   1.48 ) STMX  :       40.40,       41.20,   1.98%,        0.80,   28093.03, 1,446,791
20210915 21:25:44 ( 0.55,   0.50 ) XLM   :      399.00,      399.00,   0.00%,        0.00,       0.00, 1,417,280
20210915 21:25:50 ( 0.55,   1.23 ) STMX  :       40.40,       41.10,   1.73%,        0.70,   24581.40, 1,443,279
20210915 21:25:50 ( 0.55,   0.50 ) XLM   :      399.00,      399.00,   0.00%,        0.00,       0.00, 1,417,280
20210915 21:25:55 ( 0.59,   0.99 ) STMX  :       40.40,       41.00,   1.49%,        0.60,   21069.77, 1,439,767
20210915 21:25:55 ( 0.59,   0.50 ) XLM   :      399.00,      399.00,   0.00%,        0.00,       0.00, 1,417,280
20210915 21:26:00 ( 0.59,   1.23 ) STMX  :       40.40,       41.10,   1.73%,        0.70,   24581.40, 1,443,279
20210915 21:26:00 ( 0.59,   0.76 ) XLM   :      399.00,      400.00,   0.25%,        1.00,    3552.08, 1,420,832
20210915 21:26:05 ( 0.59,   1.23 ) STMX  :       40.40,       41.10,   1.73%,        0.70,   24581.40, 1,443,279
20210915 21:26:05 ( 0.59,   0.76 ) XLM   :      399.00,      400.00,   0.25%,        1.00,    3552.08, 1,420,832
20210915 21:26:10 ( 0.59,   0.74 ) STMX  :       40.40,       40.90,   1.24%,        0.50,   17558.14, 1,436,256
20210915 21:26:11 ( 0.59,   0.76 ) XLM   :      399.00,      400.00,   0.25%,        1.00,    3552.08, 1,420,832
20210915 21:26:16 ( 0.61,   0.74 ) STMX  :       40.40,       40.90,   1.24%,        0.50,   17558.14, 1,436,256
20210915 21:26:16 ( 0.61,   0.76 ) XLM   :      399.00,      400.00,   0.25%,        1.00,    3552.08, 1,420,832
20210915 21:26:21 ( 0.61,   0.74 ) STMX  :       40.40,       40.90,   1.24%,        0.50,   17558.14, 1,436,256
20210915 21:26:21 ( 0.61,   0.76 ) XLM   :      399.00,      400.00,   0.25%,        1.00,    3552.08, 1,420,832
20210915 21:26:26 ( 0.61,   0.99 ) STMX  :       40.40,       41.00,   1.49%,        0.60,   21069.77, 1,439,767
20210915 21:26:26 ( 0.61,   0.76 ) XLM   :      399.00,      400.00,   0.25%,        1.00,    3552.08, 1,420,832
20210915 21:26:31 ( 0.61,   1.23 ) STMX  :       40.40,       41.10,   1.73%,        0.70,   24581.40, 1,443,279
20210915 21:26:31 ( 0.61,   0.76 ) XLM   :      399.00,      400.00,   0.25%,        1.00,    3552.08, 1,420,832
20210915 21:26:37 ( 0.61,   1.23 ) STMX  :       40.40,       41.10,   1.73%,        0.70,   24581.40, 1,443,279
20210915 21:26:37 ( 0.61,   0.76 ) XLM   :      399.00,      400.00,   0.25%,        1.00,    3552.08, 1,420,832
20210915 21:26:42 ( 0.61,   0.99 ) STMX  :       40.40,       41.00,   1.49%,        0.60,   21069.77, 1,439,767
20210915 21:26:42 ( 0.61,   0.76 ) XLM   :      399.00,      400.00,   0.25%,        1.00,    3552.08, 1,420,832
20210915 21:26:47 ( 0.60,   0.99 ) STMX  :       40.40,       41.00,   1.49%,        0.60,   21069.77, 1,439,767
20210915 21:26:47 ( 0.60,   0.76 ) XLM   :      399.00,      400.00,   0.25%,        1.00,    3552.08, 1,420,832
20210915 21:26:52 ( 0.60,   1.23 ) STMX  :       40.40,       41.10,   1.73%,        0.70,   24581.40, 1,443,279
20210915 21:26:52 ( 0.60,   1.01 ) XLM   :      399.00,      401.00,   0.50%,        2.00,    7104.16, 1,424,384
20210915 21:26:57 ( 0.60,   1.23 ) STMX  :       40.40,       41.10,   1.73%,        0.70,   24581.40, 1,443,279
20210915 21:26:58 ( 0.59,   1.01 ) XLM   :      399.00,      401.00,   0.50%,        2.00,    7104.16, 1,424,384
20210915 21:27:03 ( 0.59,   1.23 ) STMX  :       40.40,       41.10,   1.73%,        0.70,   24581.40, 1,443,279
20210915 21:27:03 ( 0.59,   0.76 ) XLM   :      399.00,      400.00,   0.25%,        1.00,    3552.08, 1,420,832
20210915 21:27:08 ( 0.59,   0.99 ) STMX  :       40.40,       41.00,   1.49%,        0.60,   21069.77, 1,439,767
20210915 21:27:08 ( 0.59,   0.76 ) XLM   :      399.00,      400.00,   0.25%,        1.00,    3552.08, 1,420,832
20210915 21:27:13 ( 0.56,   0.99 ) STMX  :       40.40,       41.00,   1.49%,        0.60,   21069.77, 1,439,767
20210915 21:27:13 ( 0.56,   0.76 ) XLM   :      399.00,      400.00,   0.25%,        1.00,    3552.08, 1,420,832
20210915 21:27:18 ( 0.56,   0.99 ) STMX  :       40.40,       41.00,   1.49%,        0.60,   21069.77, 1,439,767
20210915 21:27:18 ( 0.56,   0.76 ) XLM   :      399.00,      400.00,   0.25%,        1.00,    3552.08, 1,420,832
20210915 21:27:24 ( 0.56,   0.99 ) STMX  :       40.40,       41.00,   1.49%,        0.60,   21069.77, 1,439,767
20210915 21:27:24 ( 0.56,   0.76 ) XLM   :      399.00,      400.00,   0.25%,        1.00,    3552.08, 1,420,832
20210915 21:27:29 ( 0.56,   0.99 ) STMX  :       40.40,       41.00,   1.49%,        0.60,   21069.77, 1,439,767
20210915 21:27:29 ( 0.56,   0.76 ) XLM   :      399.00,      400.00,   0.25%,        1.00,    3552.08, 1,420,832
20210915 21:27:34 ( 0.59,   0.99 ) STMX  :       40.40,       41.00,   1.49%,        0.60,   21069.77, 1,439,767
20210915 21:27:34 ( 0.59,   0.76 ) XLM   :      399.00,      400.00,   0.25%,        1.00,    3552.08, 1,420,832
20210915 21:27:39 ( 0.59,   0.99 ) STMX  :       40.40,       41.00,   1.49%,        0.60,   21069.77, 1,439,767
20210915 21:27:39 ( 0.59,   0.76 ) XLM   :      399.00,      400.00,   0.25%,        1.00,    3552.08, 1,420,832
20210915 21:27:45 ( 0.61,   0.99 ) STMX  :       40.40,       41.00,   1.49%,        0.60,   21069.77, 1,439,767
20210915 21:27:45 ( 0.61,   0.76 ) XLM   :      399.00,      400.00,   0.25%,        1.00,    3552.08, 1,420,832
20210915 21:27:50 ( 0.61,   0.99 ) STMX  :       40.40,       41.00,   1.49%,        0.60,   21069.77, 1,439,767
20210915 21:27:50 ( 0.61,   0.76 ) XLM   :      399.00,      400.00,   0.25%,        1.00,    3552.08, 1,420,832
20210915 21:27:55 ( 0.61,   0.74 ) STMX  :       40.40,       40.90,   1.24%,        0.50,   17558.14, 1,436,256
20210915 21:27:55 ( 0.61,   0.76 ) XLM   :      399.00,      400.00,   0.25%,        1.00,    3552.08, 1,420,832
20210915 21:28:00 ( 0.56,   0.74 ) STMX  :       40.40,       40.90,   1.24%,        0.50,   17558.14, 1,436,256
20210915 21:28:00 ( 0.56,   0.76 ) XLM   :      399.00,      400.00,   0.25%,        1.00,    3552.08, 1,420,832
20210915 21:28:05 ( 0.61,   0.74 ) STMX  :       40.40,       40.90,   1.24%,        0.50,   17558.14, 1,436,256
20210915 21:28:06 ( 0.61,   0.76 ) XLM   :      399.00,      400.00,   0.25%,        1.00,    3552.08, 1,420,832
20210915 21:28:11 ( 0.56,   0.74 ) STMX  :       40.40,       40.90,   1.24%,        0.50,   17558.14, 1,436,256
20210915 21:28:11 ( 0.56,   0.76 ) XLM   :      399.00,      400.00,   0.25%,        1.00,    3552.08, 1,420,832
20210915 21:28:16 ( 0.61,   0.74 ) STMX  :       40.40,       40.90,   1.24%,        0.50,   17558.14, 1,436,256
20210915 21:28:16 ( 0.56,   0.76 ) XLM   :      399.00,      400.00,   0.25%,        1.00,    3552.08, 1,420,832
20210915 21:28:21 ( 0.56,   0.99 ) STMX  :       40.40,       41.00,   1.49%,        0.60,   21069.77, 1,439,767
20210915 21:28:21 ( 0.61,   0.76 ) XLM   :      399.00,      400.00,   0.25%,        1.00,    3552.08, 1,420,832
20210915 21:28:26 ( 0.61,   0.99 ) STMX  :       40.40,       41.00,   1.49%,        0.60,   21069.77, 1,439,767
20210915 21:28:26 ( 0.57,   0.76 ) XLM   :      399.00,      400.00,   0.25%,        1.00,    3552.08, 1,420,832
20210915 21:28:32 ( 0.61,   0.99 ) STMX  :       40.40,       41.00,   1.49%,        0.60,   21069.77, 1,439,767
20210915 21:28:32 ( 0.61,   0.76 ) XLM   :      399.00,      400.00,   0.25%,        1.00,    3552.08, 1,420,832
20210915 21:28:37 ( 0.57,   0.99 ) STMX  :       40.40,       41.00,   1.49%,        0.60,   21069.77, 1,439,767
20210915 21:28:37 ( 0.57,   0.76 ) XLM   :      399.00,      400.00,   0.25%,        1.00,    3552.08, 1,420,832
20210915 21:28:42 ( 0.61,   0.99 ) STMX  :       40.40,       41.00,   1.49%,        0.60,   21069.77, 1,439,767
20210915 21:28:42 ( 0.61,   0.76 ) XLM   :      399.00,      400.00,   0.25%,        1.00,    3552.08, 1,420,832
20210915 21:28:47 ( 0.61,   0.99 ) STMX  :       40.40,       41.00,   1.49%,        0.60,   21069.77, 1,439,767
20210915 21:28:47 ( 0.61,   0.76 ) XLM   :      399.00,      400.00,   0.25%,        1.00,    3552.08, 1,420,832
20210915 21:28:53 ( 0.61,   0.99 ) STMX  :       40.40,       41.00,   1.49%,        0.60,   21069.77, 1,439,767
20210915 21:28:53 ( 0.61,   0.76 ) XLM   :      399.00,      400.00,   0.25%,        1.00,    3552.08, 1,420,832
20210915 21:28:58 ( 0.61,   0.99 ) STMX  :       40.40,       41.00,   1.49%,        0.60,   21069.77, 1,439,767
20210915 21:28:58 ( 0.57,   0.76 ) XLM   :      399.00,      400.00,   0.25%,        1.00,    3552.08, 1,420,832
20210915 21:29:03 ( 0.57,   0.99 ) STMX  :       40.40,       41.00,   1.49%,        0.60,   21069.77, 1,439,767
20210915 21:29:03 ( 0.57,   1.01 ) XLM   :      399.00,      401.00,   0.50%,        2.00,    7104.16, 1,424,384
20210915 21:29:08 ( 0.61,   0.99 ) STMX  :       40.40,       41.00,   1.49%,        0.60,   21069.77, 1,439,767
20210915 21:29:08 ( 0.61,   1.01 ) XLM   :      399.00,      401.00,   0.50%,        2.00,    7104.16, 1,424,384
20210915 21:29:14 ( 0.61,   0.99 ) STMX  :       40.40,       41.00,   1.49%,        0.60,   21069.77, 1,439,767
20210915 21:29:14 ( 0.61,   1.01 ) XLM   :      399.00,      401.00,   0.50%,        2.00,    7104.16, 1,424,384
20210915 21:29:19 ( 0.57,   0.99 ) STMX  :       40.40,       41.00,   1.49%,        0.60,   21069.77, 1,439,767
20210915 21:29:19 ( 0.57,   1.01 ) XLM   :      399.00,      401.00,   0.50%,        2.00,    7104.16, 1,424,384
20210915 21:29:24 ( 0.61,   0.99 ) STMX  :       40.40,       41.00,   1.49%,        0.60,   21069.77, 1,439,767
20210915 21:29:24 ( 0.61,   1.01 ) XLM   :      399.00,      401.00,   0.50%,        2.00,    7104.16, 1,424,384
20210915 21:29:29 ( 0.57,   0.99 ) STMX  :       40.40,       41.00,   1.49%,        0.60,   21069.77, 1,439,767
20210915 21:29:29 ( 0.57,   0.76 ) XLM   :      399.00,      400.00,   0.25%,        1.00,    3552.08, 1,420,832
20210915 21:29:35 ( 0.57,   0.99 ) STMX  :       40.40,       41.00,   1.49%,        0.60,   21069.77, 1,439,767
20210915 21:29:35 ( 0.57,   0.76 ) XLM   :      399.00,      400.00,   0.25%,        1.00,    3552.08, 1,420,832
20210915 21:29:40 ( 0.57,   0.99 ) STMX  :       40.40,       41.00,   1.49%,        0.60,   21069.77, 1,439,767
20210915 21:29:40 ( 0.57,   0.76 ) XLM   :      399.00,      400.00,   0.25%,        1.00,    3552.08, 1,420,832
20210915 21:29:45 ( 0.61,   0.99 ) STMX  :       40.40,       41.00,   1.49%,        0.60,   21069.77, 1,439,767
20210915 21:29:45 ( 0.61,   0.76 ) XLM   :      399.00,      400.00,   0.25%,        1.00,    3552.08, 1,420,832
20210915 21:29:51 ( 0.61,   0.74 ) STMX  :       40.40,       40.90,   1.24%,        0.50,   17558.14, 1,436,256
20210915 21:29:51 ( 0.61,   0.76 ) XLM   :      399.00,      400.00,   0.25%,        1.00,    3552.08, 1,420,832
20210915 21:29:56 ( 0.61,   0.99 ) STMX  :       40.40,       41.00,   1.49%,        0.60,   21069.77, 1,439,767
20210915 21:29:56 ( 0.57,   0.76 ) XLM   :      399.00,      400.00,   0.25%,        1.00,    3552.08, 1,420,832
20210915 21:30:01 ( 0.61,   0.99 ) STMX  :       40.40,       41.00,   1.49%,        0.60,   21069.77, 1,439,767
20210915 21:30:01 ( 0.61,   0.76 ) XLM   :      399.00,      400.00,   0.25%,        1.00,    3552.08, 1,420,832
20210915 21:30:06 ( 0.60,   0.49 ) STMX  :       40.40,       40.80,   0.99%,        0.40,   14046.51, 1,432,744
20210915 21:30:06 ( 0.60,   0.76 ) XLM   :      399.00,      400.00,   0.25%,        1.00,    3552.08, 1,420,832
20210915 21:30:12 ( 0.57,   0.99 ) STMX  :       40.40,       41.00,   1.49%,        0.60,   21069.77, 1,439,767
20210915 21:30:12 ( 0.57,   0.76 ) XLM   :      399.00,      400.00,   0.25%,        1.00,    3552.08, 1,420,832
20210915 21:30:17 ( 0.61,   0.99 ) STMX  :       40.40,       41.00,   1.49%,        0.60,   21069.77, 1,439,767
20210915 21:30:17 ( 0.61,   0.76 ) XLM   :      399.00,      400.00,   0.25%,        1.00,    3552.08, 1,420,832
20210915 21:30:22 ( 0.60,   0.99 ) STMX  :       40.40,       41.00,   1.49%,        0.60,   21069.77, 1,439,767
20210915 21:30:22 ( 0.60,   0.76 ) XLM   :      399.00,      400.00,   0.25%,        1.00,    3552.08, 1,420,832
20210915 21:30:27 ( 0.57,   0.99 ) STMX  :       40.40,       41.00,   1.49%,        0.60,   21069.77, 1,439,767
20210915 21:30:27 ( 0.57,   1.01 ) XLM   :      399.00,      401.00,   0.50%,        2.00,    7104.16, 1,424,384
20210915 21:30:33 ( 0.57,   0.74 ) STMX  :       40.40,       40.90,   1.24%,        0.50,   17558.14, 1,436,256
20210915 21:30:33 ( 0.57,   1.01 ) XLM   :      399.00,      401.00,   0.50%,        2.00,    7104.16, 1,424,384
20210915 21:30:38 ( 0.61,   0.74 ) STMX  :       40.40,       40.90,   1.24%,        0.50,   17558.14, 1,436,256
20210915 21:30:38 ( 0.61,   1.01 ) XLM   :      399.00,      401.00,   0.50%,        2.00,    7104.16, 1,424,384
20210915 21:30:43 ( 0.61,   0.49 ) STMX  :       40.40,       40.80,   0.99%,        0.40,   14046.51, 1,432,744
20210915 21:30:43 ( 0.61,   1.01 ) XLM   :      399.00,      401.00,   0.50%,        2.00,    7104.16, 1,424,384
20210915 21:30:48 ( 0.61,   0.74 ) STMX  :       40.40,       40.90,   1.24%,        0.50,   17558.14, 1,436,256
20210915 21:30:48 ( 0.61,   1.01 ) XLM   :      399.00,      401.00,   0.50%,        2.00,    7104.16, 1,424,384
20210915 21:30:54 ( 0.61,   0.74 ) STMX  :       40.40,       40.90,   1.24%,        0.50,   17558.14, 1,436,256
20210915 21:30:54 ( 0.61,   1.01 ) XLM   :      399.00,      401.00,   0.50%,        2.00,    7104.16, 1,424,384
20210915 21:30:59 ( 0.61,   0.74 ) STMX  :       40.40,       40.90,   1.24%,        0.50,   17558.14, 1,436,256
20210915 21:30:59 ( 0.61,   0.76 ) XLM   :      399.00,      400.00,   0.25%,        1.00,    3552.08, 1,420,832
20210915 21:31:04 ( 0.61,   0.49 ) STMX  :       40.40,       40.80,   0.99%,        0.40,   14046.51, 1,432,744
20210915 21:31:04 ( 0.61,   0.76 ) XLM   :      399.00,      400.00,   0.25%,        1.00,    3552.08, 1,420,832
20210915 21:31:09 ( 0.61,   0.74 ) STMX  :       40.40,       40.90,   1.24%,        0.50,   17558.14, 1,436,256
20210915 21:31:09 ( 0.61,   0.76 ) XLM   :      399.00,      400.00,   0.25%,        1.00,    3552.08, 1,420,832
20210915 21:31:15 ( 0.62,   0.49 ) STMX  :       40.40,       40.80,   0.99%,        0.40,   14046.51, 1,432,744
20210915 21:31:15 ( 0.62,   1.01 ) XLM   :      399.00,      401.00,   0.50%,        2.00,    7104.16, 1,424,384
20210915 21:31:20 ( 0.61,   0.49 ) STMX  :       40.40,       40.80,   0.99%,        0.40,   14046.51, 1,432,744
20210915 21:31:20 ( 0.61,   1.01 ) XLM   :      399.00,      401.00,   0.50%,        2.00,    7104.16, 1,424,384
20210915 21:31:25 ( 0.61,   0.25 ) STMX  :       40.40,       40.70,   0.74%,        0.30,   10534.89, 1,429,232
20210915 21:31:25 ( 0.61,   1.01 ) XLM   :      399.00,      401.00,   0.50%,        2.00,    7104.16, 1,424,384
20210915 21:31:30 ( 0.61,   0.25 ) STMX  :       40.40,       40.70,   0.74%,        0.30,   10534.89, 1,429,232
20210915 21:31:30 ( 0.61,   1.01 ) XLM   :      399.00,      401.00,   0.50%,        2.00,    7104.16, 1,424,384
20210915 21:31:36 ( 0.61,   0.25 ) STMX  :       40.40,       40.70,   0.74%,        0.30,   10534.89, 1,429,232
20210915 21:31:36 ( 0.61,   1.01 ) XLM   :      399.00,      401.00,   0.50%,        2.00,    7104.16, 1,424,384
20210915 21:31:41 ( 0.61,   0.25 ) STMX  :       40.40,       40.70,   0.74%,        0.30,   10534.89, 1,429,232
20210915 21:31:41 ( 0.61,   0.76 ) XLM   :      399.00,      400.00,   0.25%,        1.00,    3552.08, 1,420,832
20210915 21:31:46 ( 0.56,   0.25 ) STMX  :       40.40,       40.70,   0.74%,        0.30,   10534.89, 1,429,232
20210915 21:31:46 ( 0.61,   0.76 ) XLM   :      399.00,      400.00,   0.25%,        1.00,    3552.08, 1,420,832
20210915 21:31:51 ( 0.61,   0.25 ) STMX  :       40.40,       40.70,   0.74%,        0.30,   10534.89, 1,429,232
20210915 21:31:51 ( 0.61,   0.76 ) XLM   :      399.00,      400.00,   0.25%,        1.00,    3552.08, 1,420,832
20210915 21:31:56 ( 0.56,   0.25 ) STMX  :       40.40,       40.70,   0.74%,        0.30,   10534.89, 1,429,232
20210915 21:31:57 ( 0.56,   0.76 ) XLM   :      399.00,      400.00,   0.25%,        1.00,    3552.08, 1,420,832
20210915 21:32:02 ( 0.61,   0.25 ) STMX  :       40.40,       40.70,   0.74%,        0.30,   10534.89, 1,429,232
20210915 21:32:02 ( 0.61,   0.76 ) XLM   :      399.00,      400.00,   0.25%,        1.00,    3552.08, 1,420,832
20210915 21:32:07 ( 0.56,   0.49 ) STMX  :       40.40,       40.80,   0.99%,        0.40,   14046.51, 1,432,744
20210915 21:32:07 ( 0.56,   0.76 ) XLM   :      399.00,      400.00,   0.25%,        1.00,    3552.08, 1,420,832
20210915 21:32:12 ( 0.56,   0.49 ) STMX  :       40.40,       40.80,   0.99%,        0.40,   14046.51, 1,432,744
20210915 21:32:12 ( 0.56,   0.76 ) XLM   :      399.00,      400.00,   0.25%,        1.00,    3552.08, 1,420,832
20210915 21:32:17 ( 0.56,   0.49 ) STMX  :       40.40,       40.80,   0.99%,        0.40,   14046.51, 1,432,744
20210915 21:32:17 ( 0.56,   0.76 ) XLM   :      399.00,      400.00,   0.25%,        1.00,    3552.08, 1,420,832
20210915 21:32:23 ( 0.56,   0.25 ) STMX  :       40.40,       40.70,   0.74%,        0.30,   10534.89, 1,429,232
20210915 21:32:23 ( 0.56,   0.76 ) XLM   :      399.00,      400.00,   0.25%,        1.00,    3552.08, 1,420,832
20210915 21:32:28 ( 0.56,   0.25 ) STMX  :       40.40,       40.70,   0.74%,        0.30,   10534.89, 1,429,232
20210915 21:32:28 ( 0.56,   1.01 ) XLM   :      399.00,      401.00,   0.50%,        2.00,    7104.16, 1,424,384
20210915 21:32:33 ( 0.56,   0.25 ) STMX  :       40.40,       40.70,   0.74%,        0.30,   10534.89, 1,429,232
20210915 21:32:33 ( 0.61,   1.01 ) XLM   :      399.00,      401.00,   0.50%,        2.00,    7104.16, 1,424,384
20210915 21:32:38 ( 0.56,   0.25 ) STMX  :       40.40,       40.70,   0.74%,        0.30,   10534.89, 1,429,232
20210915 21:32:38 ( 0.56,   1.01 ) XLM   :      399.00,      401.00,   0.50%,        2.00,    7104.16, 1,424,384
20210915 21:32:44 ( 0.56,   0.25 ) STMX  :       40.40,       40.70,   0.74%,        0.30,   10534.89, 1,429,232
20210915 21:32:44 ( 0.56,   0.76 ) XLM   :      399.00,      400.00,   0.25%,        1.00,    3552.08, 1,420,832
20210915 21:32:49 ( 0.56,   0.25 ) STMX  :       40.40,       40.70,   0.74%,        0.30,   10534.89, 1,429,232
20210915 21:32:49 ( 0.56,   0.76 ) XLM   :      399.00,      400.00,   0.25%,        1.00,    3552.08, 1,420,832
20210915 21:32:54 ( 0.56,   0.25 ) STMX  :       40.40,       40.70,   0.74%,        0.30,   10534.89, 1,429,232
20210915 21:32:54 ( 0.56,   0.76 ) XLM   :      399.00,      400.00,   0.25%,        1.00,    3552.08, 1,420,832
20210915 21:32:59 ( 0.56,   0.25 ) STMX  :       40.40,       40.70,   0.74%,        0.30,   10534.89, 1,429,232
20210915 21:33:00 ( 0.56,   0.76 ) XLM   :      399.00,      400.00,   0.25%,        1.00,    3552.08, 1,420,832
20210915 21:33:05 ( 0.56,   0.25 ) STMX  :       40.40,       40.70,   0.74%,        0.30,   10534.89, 1,429,232
20210915 21:33:05 ( 0.56,   0.76 ) XLM   :      399.00,      400.00,   0.25%,        1.00,    3552.08, 1,420,832
20210915 21:33:10 ( 0.56,   0.25 ) STMX  :       40.40,       40.70,   0.74%,        0.30,   10534.89, 1,429,232
20210915 21:33:10 ( 0.56,   0.76 ) XLM   :      399.00,      400.00,   0.25%,        1.00,    3552.08, 1,420,832
20210915 21:33:15 ( 0.56,   0.25 ) STMX  :       40.40,       40.70,   0.74%,        0.30,   10534.89, 1,429,232
20210915 21:33:15 ( 0.56,   0.76 ) XLM   :      399.00,      400.00,   0.25%,        1.00,    3552.08, 1,420,832
20210915 21:33:20 ( 0.56,   0.25 ) STMX  :       40.40,       40.70,   0.74%,        0.30,   10534.89, 1,429,232
20210915 21:33:21 ( 0.56,   0.76 ) XLM   :      399.00,      400.00,   0.25%,        1.00,    3552.08, 1,420,832
20210915 21:33:26 ( 0.56,   0.25 ) STMX  :       40.40,       40.70,   0.74%,        0.30,   10534.89, 1,429,232
20210915 21:33:26 ( 0.56,   0.76 ) XLM   :      399.00,      400.00,   0.25%,        1.00,    3552.08, 1,420,832
20210915 21:33:31 ( 0.56,   0.25 ) STMX  :       40.40,       40.70,   0.74%,        0.30,   10534.89, 1,429,232
20210915 21:33:31 ( 0.56,   0.76 ) XLM   :      399.00,      400.00,   0.25%,        1.00,    3552.08, 1,420,832
20210915 21:33:36 ( 0.56,   0.25 ) STMX  :       40.40,       40.70,   0.74%,        0.30,   10534.89, 1,429,232
20210915 21:33:36 ( 0.56,   0.76 ) XLM   :      399.00,      400.00,   0.25%,        1.00,    3552.08, 1,420,832
20210915 21:33:41 ( 0.56,   0.25 ) STMX  :       40.40,       40.70,   0.74%,        0.30,   10534.89, 1,429,232
20210915 21:33:42 ( 0.56,   0.76 ) XLM   :      399.00,      400.00,   0.25%,        1.00,    3552.08, 1,420,832
20210915 21:33:47 ( 0.56,   0.25 ) STMX  :       40.40,       40.70,   0.74%,        0.30,   10534.89, 1,429,232
20210915 21:33:47 ( 0.56,   0.76 ) XLM   :      399.00,      400.00,   0.25%,        1.00,    3552.08, 1,420,832
20210915 21:33:52 ( 0.56,   0.25 ) STMX  :       40.40,       40.70,   0.74%,        0.30,   10534.89, 1,429,232
20210915 21:33:52 ( 0.56,   0.76 ) XLM   :      399.00,      400.00,   0.25%,        1.00,    3552.08, 1,420,832
20210915 21:33:57 ( 0.53,   0.25 ) STMX  :       40.40,       40.70,   0.74%,        0.30,   10534.89, 1,429,232
20210915 21:33:57 ( 0.53,   0.76 ) XLM   :      399.00,      400.00,   0.25%,        1.00,    3552.08, 1,420,832
20210915 21:34:02 ( 0.53,   0.25 ) STMX  :       40.40,       40.70,   0.74%,        0.30,   10534.89, 1,429,232
20210915 21:34:02 ( 0.53,   0.76 ) XLM   :      399.00,      400.00,   0.25%,        1.00,    3552.08, 1,420,832
20210915 21:34:08 ( 0.53,   0.25 ) STMX  :       40.40,       40.70,   0.74%,        0.30,   10534.89, 1,429,232
20210915 21:34:08 ( 0.60,   0.76 ) XLM   :      399.00,      400.00,   0.25%,        1.00,    3552.08, 1,420,832
20210915 21:34:13 ( 0.53,   0.25 ) STMX  :       40.40,       40.70,   0.74%,        0.30,   10534.89, 1,429,232
20210915 21:34:13 ( 0.53,   0.76 ) XLM   :      399.00,      400.00,   0.25%,        1.00,    3552.08, 1,420,832
20210915 21:34:18 ( 0.53,   0.25 ) STMX  :       40.40,       40.70,   0.74%,        0.30,   10534.89, 1,429,232
20210915 21:34:18 ( 0.53,   0.76 ) XLM   :      399.00,      400.00,   0.25%,        1.00,    3552.08, 1,420,832
20210915 21:34:23 ( 0.53,   0.25 ) STMX  :       40.40,       40.70,   0.74%,        0.30,   10534.89, 1,429,232
20210915 21:34:23 ( 0.53,   0.76 ) XLM   :      399.00,      400.00,   0.25%,        1.00,    3552.08, 1,420,832
20210915 21:34:28 ( 0.53,   0.25 ) STMX  :       40.40,       40.70,   0.74%,        0.30,   10534.89, 1,429,232
20210915 21:34:29 ( 0.53,   0.76 ) XLM   :      399.00,      400.00,   0.25%,        1.00,    3552.08, 1,420,832
20210915 21:34:34 ( 0.53,   0.49 ) STMX  :       40.40,       40.80,   0.99%,        0.40,   14046.51, 1,432,744
20210915 21:34:34 ( 0.53,   0.76 ) XLM   :      399.00,      400.00,   0.25%,        1.00,    3552.08, 1,420,832
20210915 21:34:39 ( 0.53,   0.49 ) STMX  :       40.40,       40.80,   0.99%,        0.40,   14046.51, 1,432,744
20210915 21:34:39 ( 0.53,   0.76 ) XLM   :      399.00,      400.00,   0.25%,        1.00,    3552.08, 1,420,832
20210915 21:34:44 ( 0.52,   0.49 ) STMX  :       40.40,       40.80,   0.99%,        0.40,   14046.51, 1,432,744
20210915 21:34:44 ( 0.52,   0.76 ) XLM   :      399.00,      400.00,   0.25%,        1.00,    3552.08, 1,420,832
20210915 21:34:49 ( 0.52,   0.49 ) STMX  :       40.40,       40.80,   0.99%,        0.40,   14046.51, 1,432,744
20210915 21:34:49 ( 0.52,   0.76 ) XLM   :      399.00,      400.00,   0.25%,        1.00,    3552.08, 1,420,832
20210915 21:34:55 ( 0.52,   0.49 ) STMX  :       40.40,       40.80,   0.99%,        0.40,   14046.51, 1,432,744
20210915 21:34:55 ( 0.52,   0.76 ) XLM   :      399.00,      400.00,   0.25%,        1.00,    3552.08, 1,420,832
20210915 21:35:00 ( 0.52,   0.49 ) STMX  :       40.40,       40.80,   0.99%,        0.40,   14046.51, 1,432,744
20210915 21:35:00 ( 0.52,   0.76 ) XLM   :      399.00,      400.00,   0.25%,        1.00,    3552.08, 1,420,832
20210915 21:35:05 ( 0.52,   0.25 ) STMX  :       40.40,       40.70,   0.74%,        0.30,   10534.89, 1,429,232
20210915 21:35:05 ( 0.52,   0.76 ) XLM   :      399.00,      400.00,   0.25%,        1.00,    3552.08, 1,420,832
20210915 21:35:10 ( 0.52,   0.49 ) STMX  :       40.40,       40.80,   0.99%,        0.40,   14046.51, 1,432,744
20210915 21:35:10 ( 0.51,   0.76 ) XLM   :      399.00,      400.00,   0.25%,        1.00,    3552.08, 1,420,832
20210915 21:35:16 ( 0.51,   0.49 ) STMX  :       40.40,       40.80,   0.99%,        0.40,   14046.51, 1,432,744
20210915 21:35:16 ( 0.51,   0.76 ) XLM   :      399.00,      400.00,   0.25%,        1.00,    3552.08, 1,420,832
20210915 21:35:21 ( 0.51,   0.49 ) STMX  :       40.40,       40.80,   0.99%,        0.40,   14046.51, 1,432,744
20210915 21:35:21 ( 0.50,   0.76 ) XLM   :      399.00,      400.00,   0.25%,        1.00,    3552.08, 1,420,832
20210915 21:35:26 ( 0.50,   0.49 ) STMX  :       40.40,       40.80,   0.99%,        0.40,   14046.51, 1,432,744
20210915 21:35:26 ( 0.50,   0.76 ) XLM   :      399.00,      400.00,   0.25%,        1.00,    3552.08, 1,420,832
20210915 21:35:31 ( 0.50,   0.49 ) STMX  :       40.40,       40.80,   0.99%,        0.40,   14046.51, 1,432,744
20210915 21:35:31 ( 0.50,   0.76 ) XLM   :      399.00,      400.00,   0.25%,        1.00,    3552.08, 1,420,832
20210915 21:35:37 ( 0.50,   0.49 ) STMX  :       40.40,       40.80,   0.99%,        0.40,   14046.51, 1,432,744
20210915 21:35:37 ( 0.50,   0.76 ) XLM   :      399.00,      400.00,   0.25%,        1.00,    3552.08, 1,420,832
20210915 21:35:42 ( 0.50,   0.49 ) STMX  :       40.40,       40.80,   0.99%,        0.40,   14046.51, 1,432,744
20210915 21:35:42 ( 0.50,   0.76 ) XLM   :      399.00,      400.00,   0.25%,        1.00,    3552.08, 1,420,832
20210915 21:35:47 ( 0.50,   0.25 ) STMX  :       40.40,       40.70,   0.74%,        0.30,   10534.89, 1,429,232
20210915 21:35:47 ( 0.50,   0.76 ) XLM   :      399.00,      400.00,   0.25%,        1.00,    3552.08, 1,420,832
20210915 21:35:52 ( 0.50,   0.25 ) STMX  :       40.40,       40.70,   0.74%,        0.30,   10534.89, 1,429,232
20210915 21:35:52 ( 0.50,   0.76 ) XLM   :      399.00,      400.00,   0.25%,        1.00,    3552.08, 1,420,832
20210915 21:35:57 ( 0.50,   0.25 ) STMX  :       40.40,       40.70,   0.74%,        0.30,   10534.89, 1,429,232
20210915 21:35:58 ( 0.50,   0.76 ) XLM   :      399.00,      400.00,   0.25%,        1.00,    3552.08, 1,420,832
20210915 21:36:03 ( 0.50,   0.25 ) STMX  :       40.40,       40.70,   0.74%,        0.30,   10534.89, 1,429,232
20210915 21:36:03 ( 0.50,   0.76 ) XLM   :      399.00,      400.00,   0.25%,        1.00,    3552.08, 1,420,832
20210915 21:36:08 ( 0.50,   0.25 ) STMX  :       40.40,       40.70,   0.74%,        0.30,   10534.89, 1,429,232
20210915 21:36:08 ( 0.50,   0.76 ) XLM   :      399.00,      400.00,   0.25%,        1.00,    3552.08, 1,420,832
20210915 21:36:13 ( 0.49,   0.25 ) STMX  :       40.40,       40.70,   0.74%,        0.30,   10534.89, 1,429,232
20210915 21:36:13 ( 0.49,   0.50 ) XLM   :      399.00,      399.00,   0.00%,        0.00,       0.00, 1,417,280
20210915 21:36:18 ( 0.49,   0.25 ) STMX  :       40.40,       40.70,   0.74%,        0.30,   10534.89, 1,429,232
20210915 21:36:18 ( 0.49,   0.50 ) XLM   :      399.00,      399.00,   0.00%,        0.00,       0.00, 1,417,280
20210915 21:36:24 ( 0.50,   0.25 ) STMX  :       40.40,       40.70,   0.74%,        0.30,   10534.89, 1,429,232
20210915 21:36:24 ( 0.50,   0.50 ) XLM   :      399.00,      399.00,   0.00%,        0.00,       0.00, 1,417,280
20210915 21:36:29 ( 0.50,   0.25 ) STMX  :       40.40,       40.70,   0.74%,        0.30,   10534.89, 1,429,232
20210915 21:36:29 ( 0.50,   0.50 ) XLM   :      399.00,      399.00,   0.00%,        0.00,       0.00, 1,417,280
20210915 21:36:34 ( 0.50,   0.25 ) STMX  :       40.40,       40.70,   0.74%,        0.30,   10534.89, 1,429,232
20210915 21:36:34 ( 0.50,   0.50 ) XLM   :      399.00,      399.00,   0.00%,        0.00,       0.00, 1,417,280
20210915 21:36:39 ( 0.50,   0.25 ) STMX  :       40.40,       40.70,   0.74%,        0.30,   10534.89, 1,429,232
20210915 21:36:39 ( 0.50,   0.50 ) XLM   :      399.00,      399.00,   0.00%,        0.00,       0.00, 1,417,280
20210915 21:36:45 ( 0.50,   0.25 ) STMX  :       40.40,       40.70,   0.74%,        0.30,   10534.89, 1,429,232
20210915 21:36:45 ( 0.50,   0.50 ) XLM   :      399.00,      399.00,   0.00%,        0.00,       0.00, 1,417,280
20210915 21:36:50 ( 0.50,   0.25 ) STMX  :       40.40,       40.70,   0.74%,        0.30,   10534.89, 1,429,232
20210915 21:36:50 ( 0.50,   0.50 ) XLM   :      399.00,      399.00,   0.00%,        0.00,       0.00, 1,417,280
20210915 21:36:55 ( 0.50,   0.25 ) STMX  :       40.40,       40.70,   0.74%,        0.30,   10534.89, 1,429,232
20210915 21:36:55 ( 0.50,   0.50 ) XLM   :      399.00,      399.00,   0.00%,        0.00,       0.00, 1,417,280
20210915 21:37:00 ( 0.49,   0.25 ) STMX  :       40.40,       40.70,   0.74%,        0.30,   10534.89, 1,429,232
20210915 21:37:00 ( 0.49,   0.50 ) XLM   :      399.00,      399.00,   0.00%,        0.00,       0.00, 1,417,280
20210915 21:37:05 ( 0.47,   0.25 ) STMX  :       40.40,       40.70,   0.74%,        0.30,   10534.89, 1,429,232
20210915 21:37:06 ( 0.47,   0.50 ) XLM   :      399.00,      399.00,   0.00%,        0.00,       0.00, 1,417,280
20210915 21:37:11 ( 0.47,   0.00 ) STMX  :       40.40,       40.60,   0.50%,        0.20,    7023.26, 1,425,721
20210915 21:37:11 ( 0.47,   0.50 ) XLM   :      399.00,      399.00,   0.00%,        0.00,       0.00, 1,417,280
20210915 21:37:16 ( 0.46,   0.00 ) STMX  :       40.40,       40.60,   0.50%,        0.20,    7023.26, 1,425,721
20210915 21:37:16 ( 0.46,   0.76 ) XLM   :      399.00,      400.00,   0.25%,        1.00,    3552.08, 1,420,832
20210915 21:37:21 ( 0.46,   0.00 ) STMX  :       40.40,       40.60,   0.50%,        0.20,    7023.26, 1,425,721
20210915 21:37:21 ( 0.46,   0.50 ) XLM   :      399.00,      399.00,   0.00%,        0.00,       0.00, 1,417,280
20210915 21:37:26 ( 0.46,   0.00 ) STMX  :       40.40,       40.60,   0.50%,        0.20,    7023.26, 1,425,721
20210915 21:37:26 ( 0.46,   0.50 ) XLM   :      399.00,      399.00,   0.00%,        0.00,       0.00, 1,417,280
20210915 21:37:32 ( 0.46,  -0.25 ) STMX  :       40.40,       40.50,   0.25%,        0.10,    3511.63, 1,422,209
20210915 21:37:32 ( 0.46,   0.50 ) XLM   :      399.00,      399.00,   0.00%,        0.00,       0.00, 1,417,280
20210915 21:37:37 ( 0.50,  -0.25 ) STMX  :       40.40,       40.50,   0.25%,        0.10,    3511.63, 1,422,209
20210915 21:37:37 ( 0.50,   0.50 ) XLM   :      399.00,      399.00,   0.00%,        0.00,       0.00, 1,417,280
20210915 21:37:42 ( 0.47,  -0.25 ) STMX  :       40.40,       40.50,   0.25%,        0.10,    3511.63, 1,422,209
20210915 21:37:42 ( 0.47,   0.76 ) XLM   :      399.00,      400.00,   0.25%,        1.00,    3552.08, 1,420,832
20210915 21:37:47 ( 0.50,  -0.25 ) STMX  :       40.40,       40.50,   0.25%,        0.10,    3511.63, 1,422,209
20210915 21:37:47 ( 0.50,   0.76 ) XLM   :      399.00,      400.00,   0.25%,        1.00,    3552.08, 1,420,832
20210915 21:37:52 ( 0.50,  -0.25 ) STMX  :       40.40,       40.50,   0.25%,        0.10,    3511.63, 1,422,209
20210915 21:37:52 ( 0.50,   0.76 ) XLM   :      399.00,      400.00,   0.25%,        1.00,    3552.08, 1,420,832
20210915 21:37:58 ( 0.50,  -0.25 ) STMX  :       40.40,       40.50,   0.25%,        0.10,    3511.63, 1,422,209
20210915 21:37:58 ( 0.50,   0.76 ) XLM   :      399.00,      400.00,   0.25%,        1.00,    3552.08, 1,420,832
20210915 21:38:03 ( 0.50,  -0.25 ) STMX  :       40.40,       40.50,   0.25%,        0.10,    3511.63, 1,422,209
20210915 21:38:03 ( 0.50,   0.76 ) XLM   :      399.00,      400.00,   0.25%,        1.00,    3552.08, 1,420,832
20210915 21:38:08 ( 0.49,  -0.25 ) STMX  :       40.40,       40.50,   0.25%,        0.10,    3511.63, 1,422,209
20210915 21:38:08 ( 0.49,   0.76 ) XLM   :      399.00,      400.00,   0.25%,        1.00,    3552.08, 1,420,832
20210915 21:38:13 ( 0.50,  -0.25 ) STMX  :       40.40,       40.50,   0.25%,        0.10,    3511.63, 1,422,209
20210915 21:38:13 ( 0.50,   0.76 ) XLM   :      399.00,      400.00,   0.25%,        1.00,    3552.08, 1,420,832
20210915 21:38:18 ( 0.50,  -0.25 ) STMX  :       40.40,       40.50,   0.25%,        0.10,    3511.63, 1,422,209
20210915 21:38:19 ( 0.50,   0.76 ) XLM   :      399.00,      400.00,   0.25%,        1.00,    3552.08, 1,420,832
20210915 21:38:24 ( 0.50,  -0.25 ) STMX  :       40.40,       40.50,   0.25%,        0.10,    3511.63, 1,422,209
20210915 21:38:24 ( 0.50,   0.76 ) XLM   :      399.00,      400.00,   0.25%,        1.00,    3552.08, 1,420,832
20210915 21:38:29 ( 0.50,  -0.25 ) STMX  :       40.40,       40.50,   0.25%,        0.10,    3511.63, 1,422,209
20210915 21:38:29 ( 0.50,   0.76 ) XLM   :      399.00,      400.00,   0.25%,        1.00,    3552.08, 1,420,832
20210915 21:38:34 ( 0.47,   0.00 ) STMX  :       40.40,       40.60,   0.50%,        0.20,    7023.26, 1,425,721
20210915 21:38:34 ( 0.52,   0.76 ) XLM   :      399.00,      400.00,   0.25%,        1.00,    3552.08, 1,420,832
20210915 21:38:39 ( 0.50,   0.00 ) STMX  :       40.40,       40.60,   0.50%,        0.20,    7023.26, 1,425,721
20210915 21:38:39 ( 0.50,   0.76 ) XLM   :      399.00,      400.00,   0.25%,        1.00,    3552.08, 1,420,832
20210915 21:38:45 ( 0.50,   0.25 ) STMX  :       40.40,       40.70,   0.74%,        0.30,   10534.89, 1,429,232
20210915 21:38:45 ( 0.50,   0.76 ) XLM   :      399.00,      400.00,   0.25%,        1.00,    3552.08, 1,420,832
20210915 21:38:50 ( 0.47,   0.25 ) STMX  :       40.40,       40.70,   0.74%,        0.30,   10534.89, 1,429,232
20210915 21:38:50 ( 0.49,   0.76 ) XLM   :      399.00,      400.00,   0.25%,        1.00,    3552.08, 1,420,832
20210915 21:38:55 ( 0.49,   0.25 ) STMX  :       40.40,       40.70,   0.74%,        0.30,   10534.89, 1,429,232
20210915 21:38:55 ( 0.49,   0.76 ) XLM   :      399.00,      400.00,   0.25%,        1.00,    3552.08, 1,420,832
20210915 21:39:00 ( 0.50,   0.00 ) STMX  :       40.40,       40.60,   0.50%,        0.20,    7023.26, 1,425,721
20210915 21:39:00 ( 0.47,   0.50 ) XLM   :      399.00,      399.00,   0.00%,        0.00,       0.00, 1,417,280
20210915 21:39:06 ( 0.49,   0.00 ) STMX  :       40.40,       40.60,   0.50%,        0.20,    7023.26, 1,425,721
20210915 21:39:06 ( 0.50,   0.76 ) XLM   :      399.00,      400.00,   0.25%,        1.00,    3552.08, 1,420,832
20210915 21:39:11 ( 0.50,   0.25 ) STMX  :       40.40,       40.70,   0.74%,        0.30,   10534.89, 1,429,232
20210915 21:39:11 ( 0.50,   0.76 ) XLM   :      399.00,      400.00,   0.25%,        1.00,    3552.08, 1,420,832
20210915 21:39:16 ( 0.49,   0.25 ) STMX  :       40.40,       40.70,   0.74%,        0.30,   10534.89, 1,429,232
20210915 21:39:16 ( 0.49,   0.76 ) XLM   :      399.00,      400.00,   0.25%,        1.00,    3552.08, 1,420,832
20210915 21:39:21 ( 0.47,   0.25 ) STMX  :       40.40,       40.70,   0.74%,        0.30,   10534.89, 1,429,232
20210915 21:39:21 ( 0.47,   0.76 ) XLM   :      399.00,      400.00,   0.25%,        1.00,    3552.08, 1,420,832
20210915 21:39:27 ( 0.45,   0.25 ) STMX  :       40.40,       40.70,   0.74%,        0.30,   10534.89, 1,429,232
20210915 21:39:27 ( 0.45,   0.76 ) XLM   :      399.00,      400.00,   0.25%,        1.00,    3552.08, 1,420,832
20210915 21:39:32 ( 0.44,   0.00 ) STMX  :       40.40,       40.60,   0.50%,        0.20,    7023.26, 1,425,721
20210915 21:39:32 ( 0.44,   0.76 ) XLM   :      399.00,      400.00,   0.25%,        1.00,    3552.08, 1,420,832
20210915 21:39:37 ( 0.45,   0.25 ) STMX  :       40.40,       40.70,   0.74%,        0.30,   10534.89, 1,429,232
20210915 21:39:37 ( 0.45,   0.76 ) XLM   :      399.00,      400.00,   0.25%,        1.00,    3552.08, 1,420,832
20210915 21:39:42 ( 0.45,   0.25 ) STMX  :       40.40,       40.70,   0.74%,        0.30,   10534.89, 1,429,232
20210915 21:39:42 ( 0.45,   0.76 ) XLM   :      399.00,      400.00,   0.25%,        1.00,    3552.08, 1,420,832
20210915 21:39:47 ( 0.45,   0.25 ) STMX  :       40.40,       40.70,   0.74%,        0.30,   10534.89, 1,429,232
20210915 21:39:48 ( 0.45,   0.50 ) XLM   :      399.00,      399.00,   0.00%,        0.00,       0.00, 1,417,280
20210915 21:39:53 ( 0.42,   0.25 ) STMX  :       40.40,       40.70,   0.74%,        0.30,   10534.89, 1,429,232
20210915 21:39:53 ( 0.42,   0.50 ) XLM   :      399.00,      399.00,   0.00%,        0.00,       0.00, 1,417,280
20210915 21:39:58 ( 0.42,   0.25 ) STMX  :       40.40,       40.70,   0.74%,        0.30,   10534.89, 1,429,232
20210915 21:39:58 ( 0.42,   0.50 ) XLM   :      399.00,      399.00,   0.00%,        0.00,       0.00, 1,417,280
20210915 21:40:03 ( 0.42,   0.25 ) STMX  :       40.40,       40.70,   0.74%,        0.30,   10534.89, 1,429,232
20210915 21:40:03 ( 0.42,   0.50 ) XLM   :      399.00,      399.00,   0.00%,        0.00,       0.00, 1,417,280
20210915 21:40:08 ( 0.42,   0.25 ) STMX  :       40.40,       40.70,   0.74%,        0.30,   10534.89, 1,429,232
20210915 21:40:09 ( 0.42,   0.50 ) XLM   :      399.00,      399.00,   0.00%,        0.00,       0.00, 1,417,280
20210915 21:40:14 ( 0.42,   0.25 ) STMX  :       40.40,       40.70,   0.74%,        0.30,   10534.89, 1,429,232
20210915 21:40:14 ( 0.42,   0.50 ) XLM   :      399.00,      399.00,   0.00%,        0.00,       0.00, 1,417,280
20210915 21:40:19 ( 0.40,   0.00 ) STMX  :       40.40,       40.60,   0.50%,        0.20,    7023.26, 1,425,721
20210915 21:40:19 ( 0.40,   0.50 ) XLM   :      399.00,      399.00,   0.00%,        0.00,       0.00, 1,417,280
20210915 21:40:24 ( 0.39,   0.00 ) STMX  :       40.40,       40.60,   0.50%,        0.20,    7023.26, 1,425,721
20210915 21:40:24 ( 0.39,   0.76 ) XLM   :      399.00,      400.00,   0.25%,        1.00,    3552.08, 1,420,832
20210915 21:40:29 ( 0.39,   0.00 ) STMX  :       40.40,       40.60,   0.50%,        0.20,    7023.26, 1,425,721
20210915 21:40:30 ( 0.39,   0.76 ) XLM   :      399.00,      400.00,   0.25%,        1.00,    3552.08, 1,420,832
20210915 21:40:35 ( 0.39,   0.00 ) STMX  :       40.40,       40.60,   0.50%,        0.20,    7023.26, 1,425,721
20210915 21:40:35 ( 0.39,   0.76 ) XLM   :      399.00,      400.00,   0.25%,        1.00,    3552.08, 1,420,832
20210915 21:40:40 ( 0.39,   0.00 ) STMX  :       40.40,       40.60,   0.50%,        0.20,    7023.26, 1,425,721
20210915 21:40:40 ( 0.39,   0.76 ) XLM   :      399.00,      400.00,   0.25%,        1.00,    3552.08, 1,420,832
20210915 21:40:45 ( 0.39,   0.00 ) STMX  :       40.40,       40.60,   0.50%,        0.20,    7023.26, 1,425,721
20210915 21:40:45 ( 0.39,   0.76 ) XLM   :      399.00,      400.00,   0.25%,        1.00,    3552.08, 1,420,832
20210915 21:40:50 ( 0.45,   0.00 ) STMX  :       40.40,       40.60,   0.50%,        0.20,    7023.26, 1,425,721
20210915 21:40:50 ( 0.45,   0.50 ) XLM   :      399.00,      399.00,   0.00%,        0.00,       0.00, 1,417,280
20210915 21:40:56 ( 0.39,   0.00 ) STMX  :       40.40,       40.60,   0.50%,        0.20,    7023.26, 1,425,721
20210915 21:40:56 ( 0.39,   0.50 ) XLM   :      399.00,      399.00,   0.00%,        0.00,       0.00, 1,417,280
20210915 21:41:01 ( 0.45,   0.00 ) STMX  :       40.40,       40.60,   0.50%,        0.20,    7023.26, 1,425,721
20210915 21:41:01 ( 0.45,   0.76 ) XLM   :      399.00,      400.00,   0.25%,        1.00,    3552.08, 1,420,832
20210915 21:41:06 ( 0.39,   0.00 ) STMX  :       40.40,       40.60,   0.50%,        0.20,    7023.26, 1,425,721
20210915 21:41:06 ( 0.39,   0.50 ) XLM   :      399.00,      399.00,   0.00%,        0.00,       0.00, 1,417,280
20210915 21:41:11 ( 0.45,   0.00 ) STMX  :       40.40,       40.60,   0.50%,        0.20,    7023.26, 1,425,721
20210915 21:41:11 ( 0.45,   0.50 ) XLM   :      399.00,      399.00,   0.00%,        0.00,       0.00, 1,417,280
20210915 21:41:17 ( 0.39,   0.00 ) STMX  :       40.40,       40.60,   0.50%,        0.20,    7023.26, 1,425,721
20210915 21:41:17 ( 0.39,   0.50 ) XLM   :      399.00,      399.00,   0.00%,        0.00,       0.00, 1,417,280
20210915 21:41:22 ( 0.39,   0.00 ) STMX  :       40.40,       40.60,   0.50%,        0.20,    7023.26, 1,425,721
20210915 21:41:22 ( 0.39,   0.76 ) XLM   :      399.00,      400.00,   0.25%,        1.00,    3552.08, 1,420,832
20210915 21:41:27 ( 0.43,   0.25 ) STMX  :       40.40,       40.70,   0.74%,        0.30,   10534.89, 1,429,232
20210915 21:41:27 ( 0.43,   0.50 ) XLM   :      399.00,      399.00,   0.00%,        0.00,       0.00, 1,417,280
20210915 21:41:32 ( 0.39,   0.25 ) STMX  :       40.40,       40.70,   0.74%,        0.30,   10534.89, 1,429,232
20210915 21:41:32 ( 0.39,   0.50 ) XLM   :      399.00,      399.00,   0.00%,        0.00,       0.00, 1,417,280
20210915 21:41:37 ( 0.40,   0.25 ) STMX  :       40.40,       40.70,   0.74%,        0.30,   10534.89, 1,429,232
20210915 21:41:38 ( 0.40,   0.50 ) XLM   :      399.00,      399.00,   0.00%,        0.00,       0.00, 1,417,280
20210915 21:41:43 ( 0.43,   0.25 ) STMX  :       40.40,       40.70,   0.74%,        0.30,   10534.89, 1,429,232
20210915 21:41:43 ( 0.43,   0.76 ) XLM   :      399.00,      400.00,   0.25%,        1.00,    3552.08, 1,420,832
20210915 21:41:48 ( 0.43,   0.25 ) STMX  :       40.40,       40.70,   0.74%,        0.30,   10534.89, 1,429,232
20210915 21:41:48 ( 0.43,   0.76 ) XLM   :      399.00,      400.00,   0.25%,        1.00,    3552.08, 1,420,832
20210915 21:41:53 ( 0.43,   0.25 ) STMX  :       40.40,       40.70,   0.74%,        0.30,   10534.89, 1,429,232
20210915 21:41:53 ( 0.43,   0.50 ) XLM   :      399.00,      399.00,   0.00%,        0.00,       0.00, 1,417,280
20210915 21:41:58 ( 0.40,   0.00 ) STMX  :       40.40,       40.60,   0.50%,        0.20,    7023.26, 1,425,721
20210915 21:41:58 ( 0.40,   0.50 ) XLM   :      399.00,      399.00,   0.00%,        0.00,       0.00, 1,417,280
20210915 21:42:04 ( 0.43,   0.25 ) STMX  :       40.40,       40.70,   0.74%,        0.30,   10534.89, 1,429,232
20210915 21:42:04 ( 0.40,   0.76 ) XLM   :      399.00,      400.00,   0.25%,        1.00,    3552.08, 1,420,832
20210915 21:42:09 ( 0.40,   0.25 ) STMX  :       40.40,       40.70,   0.74%,        0.30,   10534.89, 1,429,232
20210915 21:42:09 ( 0.40,   0.76 ) XLM   :      399.00,      400.00,   0.25%,        1.00,    3552.08, 1,420,832
20210915 21:42:14 ( 0.40,   0.25 ) STMX  :       40.40,       40.70,   0.74%,        0.30,   10534.89, 1,429,232
20210915 21:42:14 ( 0.40,   0.76 ) XLM   :      399.00,      400.00,   0.25%,        1.00,    3552.08, 1,420,832
20210915 21:42:19 ( 0.42,   0.25 ) STMX  :       40.40,       40.70,   0.74%,        0.30,   10534.89, 1,429,232
20210915 21:42:19 ( 0.42,   0.76 ) XLM   :      399.00,      400.00,   0.25%,        1.00,    3552.08, 1,420,832
20210915 21:42:24 ( 0.43,   0.25 ) STMX  :       40.40,       40.70,   0.74%,        0.30,   10534.89, 1,429,232
20210915 21:42:25 ( 0.42,   0.76 ) XLM   :      399.00,      400.00,   0.25%,        1.00,    3552.08, 1,420,832
20210915 21:42:30 ( 0.40,   0.25 ) STMX  :       40.40,       40.70,   0.74%,        0.30,   10534.89, 1,429,232
20210915 21:42:30 ( 0.40,   0.76 ) XLM   :      399.00,      400.00,   0.25%,        1.00,    3552.08, 1,420,832
20210915 21:42:35 ( 0.45,   0.00 ) STMX  :       40.40,       40.60,   0.50%,        0.20,    7023.26, 1,425,721
20210915 21:42:35 ( 0.45,   0.76 ) XLM   :      399.00,      400.00,   0.25%,        1.00,    3552.08, 1,420,832
20210915 21:42:40 ( 0.45,   0.25 ) STMX  :       40.40,       40.70,   0.74%,        0.30,   10534.89, 1,429,232
20210915 21:42:40 ( 0.45,   0.76 ) XLM   :      399.00,      400.00,   0.25%,        1.00,    3552.08, 1,420,832
20210915 21:42:45 ( 0.48,   0.25 ) STMX  :       40.40,       40.70,   0.74%,        0.30,   10534.89, 1,429,232
20210915 21:42:46 ( 0.48,   0.50 ) XLM   :      399.00,      399.00,   0.00%,        0.00,       0.00, 1,417,280
20210915 21:42:51 ( 0.49,   0.25 ) STMX  :       40.40,       40.70,   0.74%,        0.30,   10534.89, 1,429,232
20210915 21:42:51 ( 0.49,   0.76 ) XLM   :      399.00,      400.00,   0.25%,        1.00,    3552.08, 1,420,832
20210915 21:42:56 ( 0.45,   0.25 ) STMX  :       40.40,       40.70,   0.74%,        0.30,   10534.89, 1,429,232
20210915 21:42:56 ( 0.45,   0.76 ) XLM   :      399.00,      400.00,   0.25%,        1.00,    3552.08, 1,420,832
20210915 21:43:01 ( 0.47,   0.25 ) STMX  :       40.40,       40.70,   0.74%,        0.30,   10534.89, 1,429,232
20210915 21:43:01 ( 0.47,   0.76 ) XLM   :      399.00,      400.00,   0.25%,        1.00,    3552.08, 1,420,832
20210915 21:43:07 ( 0.49,   0.25 ) STMX  :       40.40,       40.70,   0.74%,        0.30,   10534.89, 1,429,232
20210915 21:43:07 ( 0.49,   0.76 ) XLM   :      399.00,      400.00,   0.25%,        1.00,    3552.08, 1,420,832
20210915 21:43:12 ( 0.45,   0.25 ) STMX  :       40.40,       40.70,   0.74%,        0.30,   10534.89, 1,429,232
20210915 21:43:12 ( 0.45,   0.76 ) XLM   :      399.00,      400.00,   0.25%,        1.00,    3552.08, 1,420,832
20210915 21:43:17 ( 0.45,   0.25 ) STMX  :       40.40,       40.70,   0.74%,        0.30,   10534.89, 1,429,232
20210915 21:43:17 ( 0.45,   0.76 ) XLM   :      399.00,      400.00,   0.25%,        1.00,    3552.08, 1,420,832
20210915 21:43:22 ( 0.49,   0.25 ) STMX  :       40.40,       40.70,   0.74%,        0.30,   10534.89, 1,429,232
20210915 21:43:22 ( 0.49,   0.76 ) XLM   :      399.00,      400.00,   0.25%,        1.00,    3552.08, 1,420,832
20210915 21:43:27 ( 0.50,   0.25 ) STMX  :       40.40,       40.70,   0.74%,        0.30,   10534.89, 1,429,232
20210915 21:43:28 ( 0.50,   0.76 ) XLM   :      399.00,      400.00,   0.25%,        1.00,    3552.08, 1,420,832
20210915 21:43:33 ( 0.46,   0.25 ) STMX  :       40.40,       40.70,   0.74%,        0.30,   10534.89, 1,429,232
20210915 21:43:33 ( 0.46,   0.76 ) XLM   :      399.00,      400.00,   0.25%,        1.00,    3552.08, 1,420,832
20210915 21:43:38 ( 0.52,   0.25 ) STMX  :       40.40,       40.70,   0.74%,        0.30,   10534.89, 1,429,232
20210915 21:43:38 ( 0.46,   0.76 ) XLM   :      399.00,      400.00,   0.25%,        1.00,    3552.08, 1,420,832
20210915 21:43:43 ( 0.45,   0.25 ) STMX  :       40.40,       40.70,   0.74%,        0.30,   10534.89, 1,429,232
20210915 21:43:43 ( 0.52,   0.76 ) XLM   :      399.00,      400.00,   0.25%,        1.00,    3552.08, 1,420,832
20210915 21:43:49 ( 0.52,   0.49 ) STMX  :       40.40,       40.80,   0.99%,        0.40,   14046.51, 1,432,744
20210915 21:43:49 ( 0.52,   0.76 ) XLM   :      399.00,      400.00,   0.25%,        1.00,    3552.08, 1,420,832
20210915 21:43:54 ( 0.52,   0.49 ) STMX  :       40.40,       40.80,   0.99%,        0.40,   14046.51, 1,432,744
20210915 21:43:54 ( 0.52,   0.76 ) XLM   :      399.00,      400.00,   0.25%,        1.00,    3552.08, 1,420,832
20210915 21:43:59 ( 0.56,   0.49 ) STMX  :       40.40,       40.80,   0.99%,        0.40,   14046.51, 1,432,744
20210915 21:43:59 ( 0.56,   0.76 ) XLM   :      399.00,      400.00,   0.25%,        1.00,    3552.08, 1,420,832
20210915 21:44:04 ( 0.52,   0.49 ) STMX  :       40.40,       40.80,   0.99%,        0.40,   14046.51, 1,432,744
20210915 21:44:04 ( 0.52,   0.76 ) XLM   :      399.00,      400.00,   0.25%,        1.00,    3552.08, 1,420,832
