20210926 22:18:42 ( 1.12,   0.66 ) XTZ   :     8455.00,     8425.00,     8015.00,  -0.35%,      -30.00,   -7407.37, 2,080,235
20210926 22:18:48 ( 1.12,   0.66 ) XTZ   :     8455.00,     8425.00,     8015.00,  -0.35%,      -30.00,   -7407.37, 2,080,235
20210926 22:18:53 ( 1.12,   0.66 ) XTZ   :     8455.00,     8425.00,     8015.00,  -0.35%,      -30.00,   -7407.37, 2,080,235
20210926 22:18:58 ( 1.12,   0.60 ) XTZ   :     8455.00,     8420.00,     8015.00,  -0.41%,      -35.00,   -8641.93, 2,079,001
20210926 22:19:03 ( 1.12,   0.72 ) XTZ   :     8455.00,     8430.00,     8015.00,  -0.30%,      -25.00,   -6172.81, 2,081,470
20210926 22:19:09 ( 1.12,   0.60 ) XTZ   :     8455.00,     8420.00,     8015.00,  -0.41%,      -35.00,   -8641.93, 2,079,001
20210926 22:19:14 ( 1.12,   0.72 ) XTZ   :     8455.00,     8430.00,     8015.00,  -0.30%,      -25.00,   -6172.81, 2,081,470
20210926 22:19:20 ( 1.12,   0.66 ) XTZ   :     8455.00,     8425.00,     8015.00,  -0.35%,      -30.00,   -7407.37, 2,080,235
20210926 22:19:25 ( 1.12,   0.66 ) XTZ   :     8455.00,     8425.00,     8015.00,  -0.35%,      -30.00,   -7407.37, 2,080,235
20210926 22:19:30 ( 1.12,   0.72 ) XTZ   :     8455.00,     8430.00,     8015.00,  -0.30%,      -25.00,   -6172.81, 2,081,470
20210926 22:19:36 ( 1.12,   0.72 ) XTZ   :     8455.00,     8430.00,     8015.00,  -0.30%,      -25.00,   -6172.81, 2,081,470
20210926 22:19:41 ( 1.12,   0.66 ) XTZ   :     8455.00,     8425.00,     8015.00,  -0.35%,      -30.00,   -7407.37, 2,080,235
20210926 22:19:46 ( 1.12,   0.66 ) XTZ   :     8455.00,     8425.00,     8015.00,  -0.35%,      -30.00,   -7407.37, 2,080,235
20210926 22:19:52 ( 1.12,   0.72 ) XTZ   :     8455.00,     8430.00,     8015.00,  -0.30%,      -25.00,   -6172.81, 2,081,470
20210926 22:19:57 ( 1.12,   0.72 ) XTZ   :     8455.00,     8430.00,     8015.00,  -0.30%,      -25.00,   -6172.81, 2,081,470
20210926 22:20:02 ( 1.12,   0.72 ) XTZ   :     8455.00,     8430.00,     8015.00,  -0.30%,      -25.00,   -6172.81, 2,081,470
20210926 22:20:08 ( 1.12,   0.72 ) XTZ   :     8455.00,     8430.00,     8015.00,  -0.30%,      -25.00,   -6172.81, 2,081,470
20210926 22:20:13 ( 1.12,   0.72 ) XTZ   :     8455.00,     8430.00,     8015.00,  -0.30%,      -25.00,   -6172.81, 2,081,470
20210926 22:20:18 ( 1.12,   0.72 ) XTZ   :     8455.00,     8430.00,     8015.00,  -0.30%,      -25.00,   -6172.81, 2,081,470
20210926 22:20:23 ( 1.12,   0.72 ) XTZ   :     8455.00,     8430.00,     8015.00,  -0.30%,      -25.00,   -6172.81, 2,081,470
20210926 22:20:29 ( 1.12,   0.66 ) XTZ   :     8455.00,     8425.00,     8015.00,  -0.35%,      -30.00,   -7407.37, 2,080,235
20210926 22:20:34 ( 1.12,   0.72 ) XTZ   :     8455.00,     8430.00,     8015.00,  -0.30%,      -25.00,   -6172.81, 2,081,470
20210926 22:20:39 ( 1.12,   0.72 ) XTZ   :     8455.00,     8430.00,     8015.00,  -0.30%,      -25.00,   -6172.81, 2,081,470
20210926 22:20:45 ( 1.12,   0.72 ) XTZ   :     8455.00,     8430.00,     8015.00,  -0.30%,      -25.00,   -6172.81, 2,081,470
20210926 22:20:50 ( 1.12,   0.72 ) XTZ   :     8455.00,     8430.00,     8015.00,  -0.30%,      -25.00,   -6172.81, 2,081,470
20210926 22:20:55 ( 1.12,   0.72 ) XTZ   :     8455.00,     8430.00,     8015.00,  -0.30%,      -25.00,   -6172.81, 2,081,470
20210926 22:21:01 ( 1.12,   0.66 ) XTZ   :     8455.00,     8425.00,     8015.00,  -0.35%,      -30.00,   -7407.37, 2,080,235
20210926 22:21:06 ( 1.12,   0.60 ) XTZ   :     8455.00,     8420.00,     8015.00,  -0.41%,      -35.00,   -8641.93, 2,079,001
20210926 22:21:11 ( 1.12,   0.60 ) XTZ   :     8455.00,     8420.00,     8015.00,  -0.41%,      -35.00,   -8641.93, 2,079,001
20210926 22:21:16 ( 1.12,   0.66 ) XTZ   :     8455.00,     8425.00,     8015.00,  -0.35%,      -30.00,   -7407.37, 2,080,235
20210926 22:21:22 ( 1.12,   0.60 ) XTZ   :     8455.00,     8420.00,     8015.00,  -0.41%,      -35.00,   -8641.93, 2,079,001
20210926 22:21:27 ( 1.12,   0.60 ) XTZ   :     8455.00,     8420.00,     8015.00,  -0.41%,      -35.00,   -8641.93, 2,079,001
20210926 22:21:32 ( 1.12,   0.60 ) XTZ   :     8455.00,     8420.00,     8015.00,  -0.41%,      -35.00,   -8641.93, 2,079,001
20210926 22:21:38 ( 1.12,   0.60 ) XTZ   :     8455.00,     8420.00,     8015.00,  -0.41%,      -35.00,   -8641.93, 2,079,001
20210926 22:21:43 ( 1.12,   0.66 ) XTZ   :     8455.00,     8425.00,     8015.00,  -0.35%,      -30.00,   -7407.37, 2,080,235
20210926 22:21:48 ( 1.12,   0.60 ) XTZ   :     8455.00,     8420.00,     8015.00,  -0.41%,      -35.00,   -8641.93, 2,079,001
20210926 22:21:54 ( 1.12,   0.66 ) XTZ   :     8455.00,     8425.00,     8015.00,  -0.35%,      -30.00,   -7407.37, 2,080,235
20210926 22:21:59 ( 1.12,   0.66 ) XTZ   :     8455.00,     8425.00,     8015.00,  -0.35%,      -30.00,   -7407.37, 2,080,235
20210926 22:22:04 ( 1.12,   0.60 ) XTZ   :     8455.00,     8420.00,     8015.00,  -0.41%,      -35.00,   -8641.93, 2,079,001
20210926 22:22:09 ( 1.12,   0.60 ) XTZ   :     8455.00,     8420.00,     8015.00,  -0.41%,      -35.00,   -8641.93, 2,079,001
20210926 22:22:15 ( 1.12,   0.66 ) XTZ   :     8455.00,     8425.00,     8015.00,  -0.35%,      -30.00,   -7407.37, 2,080,235
20210926 22:22:20 ( 1.12,   0.66 ) XTZ   :     8455.00,     8425.00,     8015.00,  -0.35%,      -30.00,   -7407.37, 2,080,235
20210926 22:22:25 ( 1.12,   0.66 ) XTZ   :     8455.00,     8425.00,     8015.00,  -0.35%,      -30.00,   -7407.37, 2,080,235
20210926 22:22:31 ( 1.12,   0.66 ) XTZ   :     8455.00,     8425.00,     8015.00,  -0.35%,      -30.00,   -7407.37, 2,080,235
20210926 22:22:36 ( 1.12,   0.66 ) XTZ   :     8455.00,     8425.00,     8015.00,  -0.35%,      -30.00,   -7407.37, 2,080,235
20210926 22:22:41 ( 1.12,   0.60 ) XTZ   :     8455.00,     8420.00,     8015.00,  -0.41%,      -35.00,   -8641.93, 2,079,001
20210926 22:22:47 ( 1.12,   0.60 ) XTZ   :     8455.00,     8420.00,     8015.00,  -0.41%,      -35.00,   -8641.93, 2,079,001
20210926 22:22:52 ( 1.12,   0.54 ) XTZ   :     8455.00,     8415.00,     8015.00,  -0.47%,      -40.00,   -9876.49, 2,077,766
20210926 22:22:57 ( 1.12,   0.54 ) XTZ   :     8455.00,     8415.00,     8015.00,  -0.47%,      -40.00,   -9876.49, 2,077,766
20210926 22:23:02 ( 1.12,   0.60 ) XTZ   :     8455.00,     8420.00,     8015.00,  -0.41%,      -35.00,   -8641.93, 2,079,001
20210926 22:23:08 ( 1.12,   0.60 ) XTZ   :     8455.00,     8420.00,     8015.00,  -0.41%,      -35.00,   -8641.93, 2,079,001
20210926 22:23:13 ( 1.12,   0.60 ) XTZ   :     8455.00,     8420.00,     8015.00,  -0.41%,      -35.00,   -8641.93, 2,079,001
20210926 22:23:18 ( 1.12,   0.54 ) XTZ   :     8455.00,     8415.00,     8015.00,  -0.47%,      -40.00,   -9876.49, 2,077,766
20210926 22:23:24 ( 1.12,   0.54 ) XTZ   :     8455.00,     8415.00,     8015.00,  -0.47%,      -40.00,   -9876.49, 2,077,766
20210926 22:23:29 ( 1.13,   0.60 ) XTZ   :     8455.00,     8420.00,     8015.00,  -0.41%,      -35.00,   -8641.93, 2,079,001
20210926 22:23:34 ( 1.13,   0.54 ) XTZ   :     8455.00,     8415.00,     8015.00,  -0.47%,      -40.00,   -9876.49, 2,077,766
20210926 22:23:40 ( 1.13,   0.60 ) XTZ   :     8455.00,     8420.00,     8015.00,  -0.41%,      -35.00,   -8641.93, 2,079,001
20210926 22:23:45 ( 1.12,   0.60 ) XTZ   :     8455.00,     8420.00,     8015.00,  -0.41%,      -35.00,   -8641.93, 2,079,001
20210926 22:23:50 ( 1.12,   0.60 ) XTZ   :     8455.00,     8420.00,     8015.00,  -0.41%,      -35.00,   -8641.93, 2,079,001
20210926 22:23:56 ( 1.12,   0.54 ) XTZ   :     8455.00,     8415.00,     8015.00,  -0.47%,      -40.00,   -9876.49, 2,077,766
20210926 22:24:01 ( 1.12,   0.54 ) XTZ   :     8455.00,     8415.00,     8015.00,  -0.47%,      -40.00,   -9876.49, 2,077,766
20210926 22:24:06 ( 1.12,   0.60 ) XTZ   :     8455.00,     8420.00,     8015.00,  -0.41%,      -35.00,   -8641.93, 2,079,001
20210926 22:24:12 ( 1.13,   0.60 ) XTZ   :     8455.00,     8420.00,     8015.00,  -0.41%,      -35.00,   -8641.93, 2,079,001
20210926 22:24:17 ( 1.13,   0.54 ) XTZ   :     8455.00,     8415.00,     8015.00,  -0.47%,      -40.00,   -9876.49, 2,077,766
20210926 22:24:22 ( 1.12,   0.42 ) XTZ   :     8455.00,     8405.00,     8015.00,  -0.59%,      -50.00,  -12345.61, 2,075,297
20210926 22:24:27 ( 1.13,   0.42 ) XTZ   :     8455.00,     8405.00,     8015.00,  -0.59%,      -50.00,  -12345.61, 2,075,297
20210926 22:24:33 ( 1.12,   0.48 ) XTZ   :     8455.00,     8410.00,     8015.00,  -0.53%,      -45.00,  -11111.05, 2,076,532
20210926 22:24:38 ( 1.13,   0.48 ) XTZ   :     8455.00,     8410.00,     8015.00,  -0.53%,      -45.00,  -11111.05, 2,076,532
20210926 22:24:43 ( 1.13,   0.48 ) XTZ   :     8455.00,     8410.00,     8015.00,  -0.53%,      -45.00,  -11111.05, 2,076,532
20210926 22:24:49 ( 1.12,   0.48 ) XTZ   :     8455.00,     8410.00,     8015.00,  -0.53%,      -45.00,  -11111.05, 2,076,532
20210926 22:24:54 ( 1.12,   0.42 ) XTZ   :     8455.00,     8405.00,     8015.00,  -0.59%,      -50.00,  -12345.61, 2,075,297
20210926 22:24:59 ( 1.12,   0.42 ) XTZ   :     8455.00,     8405.00,     8015.00,  -0.59%,      -50.00,  -12345.61, 2,075,297
20210926 22:25:05 ( 1.12,   0.48 ) XTZ   :     8455.00,     8410.00,     8015.00,  -0.53%,      -45.00,  -11111.05, 2,076,532
20210926 22:25:10 ( 1.12,   0.42 ) XTZ   :     8455.00,     8405.00,     8015.00,  -0.59%,      -50.00,  -12345.61, 2,075,297
20210926 22:25:15 ( 1.12,   0.42 ) XTZ   :     8455.00,     8405.00,     8015.00,  -0.59%,      -50.00,  -12345.61, 2,075,297
20210926 22:25:21 ( 1.10,   0.48 ) XTZ   :     8455.00,     8410.00,     8015.00,  -0.53%,      -45.00,  -11111.05, 2,076,532
20210926 22:25:26 ( 1.10,   0.36 ) XTZ   :     8455.00,     8400.00,     8015.00,  -0.65%,      -55.00,  -13580.17, 2,074,063
20210926 22:25:31 ( 1.08,   0.42 ) XTZ   :     8455.00,     8405.00,     8015.00,  -0.59%,      -50.00,  -12345.61, 2,075,297
20210926 22:25:37 ( 1.08,   0.36 ) XTZ   :     8455.00,     8400.00,     8015.00,  -0.65%,      -55.00,  -13580.17, 2,074,063
20210926 22:25:42 ( 1.07,   0.30 ) XTZ   :     8455.00,     8395.00,     8015.00,  -0.71%,      -60.00,  -14814.74, 2,072,828
20210926 22:25:47 ( 1.07,   0.24 ) XTZ   :     8455.00,     8390.00,     8015.00,  -0.77%,      -65.00,  -16049.30, 2,071,593
20210926 22:25:52 ( 1.08,   0.24 ) XTZ   :     8455.00,     8390.00,     8015.00,  -0.77%,      -65.00,  -16049.30, 2,071,593
20210926 22:25:58 ( 1.08,   0.24 ) XTZ   :     8455.00,     8390.00,     8015.00,  -0.77%,      -65.00,  -16049.30, 2,071,593
20210926 22:26:03 ( 1.08,   0.24 ) XTZ   :     8455.00,     8390.00,     8015.00,  -0.77%,      -65.00,  -16049.30, 2,071,593
20210926 22:26:08 ( 1.11,   0.24 ) XTZ   :     8455.00,     8390.00,     8015.00,  -0.77%,      -65.00,  -16049.30, 2,071,593
20210926 22:26:14 ( 1.10,   0.24 ) XTZ   :     8455.00,     8390.00,     8015.00,  -0.77%,      -65.00,  -16049.30, 2,071,593
20210926 22:26:19 ( 1.11,   0.24 ) XTZ   :     8455.00,     8390.00,     8015.00,  -0.77%,      -65.00,  -16049.30, 2,071,593
20210926 22:26:24 ( 1.11,   0.30 ) XTZ   :     8455.00,     8395.00,     8015.00,  -0.71%,      -60.00,  -14814.74, 2,072,828
20210926 22:26:30 ( 1.11,   0.24 ) XTZ   :     8455.00,     8390.00,     8015.00,  -0.77%,      -65.00,  -16049.30, 2,071,593
20210926 22:26:35 ( 1.09,   0.24 ) XTZ   :     8455.00,     8390.00,     8015.00,  -0.77%,      -65.00,  -16049.30, 2,071,593
20210926 22:26:40 ( 1.07,   0.18 ) XTZ   :     8455.00,     8385.00,     8015.00,  -0.83%,      -70.00,  -17283.86, 2,070,359
20210926 22:26:46 ( 1.09,   0.18 ) XTZ   :     8455.00,     8385.00,     8015.00,  -0.83%,      -70.00,  -17283.86, 2,070,359
20210926 22:26:51 ( 1.08,   0.12 ) XTZ   :     8455.00,     8380.00,     8015.00,  -0.89%,      -75.00,  -18518.42, 2,069,124
20210926 22:26:56 ( 1.09,   0.06 ) XTZ   :     8455.00,     8375.00,     8015.00,  -0.95%,      -80.00,  -19752.98, 2,067,890
20210926 22:27:02 ( 1.08,   0.12 ) XTZ   :     8455.00,     8380.00,     8015.00,  -0.89%,      -75.00,  -18518.42, 2,069,124
20210926 22:27:07 ( 1.04,   0.12 ) XTZ   :     8455.00,     8380.00,     8015.00,  -0.89%,      -75.00,  -18518.42, 2,069,124
20210926 22:27:12 ( 1.04,   0.06 ) XTZ   :     8455.00,     8375.00,     8015.00,  -0.95%,      -80.00,  -19752.98, 2,067,890
20210926 22:27:17 ( 1.02,   0.06 ) XTZ   :     8455.00,     8375.00,     8015.00,  -0.95%,      -80.00,  -19752.98, 2,067,890
20210926 22:27:23 ( 1.01,   0.06 ) XTZ   :     8455.00,     8375.00,     8015.00,  -0.95%,      -80.00,  -19752.98, 2,067,890
20210926 22:27:28 ( 0.99,   0.06 ) XTZ   :     8455.00,     8375.00,     8015.00,  -0.95%,      -80.00,  -19752.98, 2,067,890
20210926 22:27:33 ( 0.99,   0.00 ) XTZ   :     8455.00,     8370.00,     8015.00,  -1.01%,      -85.00,  -20987.54, 2,066,655
20210926 22:27:38 ( 0.98,  -0.06 ) XTZ   :     8455.00,     8365.00,     8015.00,  -1.06%,      -90.00,  -22222.10, 2,065,421
20210926 22:27:44 ( 0.97,   0.00 ) XTZ   :     8455.00,     8370.00,     8015.00,  -1.01%,      -85.00,  -20987.54, 2,066,655
20210926 22:27:49 ( 0.96,  -0.12 ) XTZ   :     8455.00,     8360.00,     8015.00,  -1.12%,      -95.00,  -23456.66, 2,064,186
20210926 22:27:54 ( 0.96,  -0.18 ) XTZ   :     8455.00,     8355.00,     8015.00,  -1.18%,     -100.00,  -24691.23, 2,062,951
20210926 22:28:00 ( 0.96,  -0.18 ) XTZ   :     8455.00,     8355.00,     8015.00,  -1.18%,     -100.00,  -24691.23, 2,062,951
20210926 22:28:05 ( 0.96,  -0.12 ) XTZ   :     8455.00,     8360.00,     8015.00,  -1.12%,      -95.00,  -23456.66, 2,064,186
20210926 22:28:10 ( 0.95,  -0.06 ) XTZ   :     8455.00,     8365.00,     8015.00,  -1.06%,      -90.00,  -22222.10, 2,065,421
20210926 22:28:16 ( 0.95,  -0.12 ) XTZ   :     8455.00,     8360.00,     8015.00,  -1.12%,      -95.00,  -23456.66, 2,064,186
20210926 22:28:21 ( 0.94,  -0.06 ) XTZ   :     8455.00,     8365.00,     8015.00,  -1.06%,      -90.00,  -22222.10, 2,065,421
20210926 22:28:26 ( 0.94,   0.00 ) XTZ   :     8455.00,     8370.00,     8015.00,  -1.01%,      -85.00,  -20987.54, 2,066,655
20210926 22:28:31 ( 0.93,   0.06 ) XTZ   :     8455.00,     8375.00,     8015.00,  -0.95%,      -80.00,  -19752.98, 2,067,890
20210926 22:28:37 ( 0.91,   0.12 ) XTZ   :     8455.00,     8380.00,     8015.00,  -0.89%,      -75.00,  -18518.42, 2,069,124
20210926 22:28:42 ( 0.93,   0.12 ) XTZ   :     8455.00,     8380.00,     8015.00,  -0.89%,      -75.00,  -18518.42, 2,069,124
20210926 22:28:47 ( 0.94,   0.06 ) XTZ   :     8455.00,     8375.00,     8015.00,  -0.95%,      -80.00,  -19752.98, 2,067,890
20210926 22:28:53 ( 0.94,   0.18 ) XTZ   :     8455.00,     8385.00,     8015.00,  -0.83%,      -70.00,  -17283.86, 2,070,359
20210926 22:28:58 ( 0.93,   0.18 ) XTZ   :     8455.00,     8385.00,     8015.00,  -0.83%,      -70.00,  -17283.86, 2,070,359
20210926 22:29:03 ( 0.94,   0.18 ) XTZ   :     8455.00,     8385.00,     8015.00,  -0.83%,      -70.00,  -17283.86, 2,070,359
20210926 22:29:09 ( 0.93,   0.18 ) XTZ   :     8455.00,     8385.00,     8015.00,  -0.83%,      -70.00,  -17283.86, 2,070,359
20210926 22:29:14 ( 0.93,   0.18 ) XTZ   :     8455.00,     8385.00,     8015.00,  -0.83%,      -70.00,  -17283.86, 2,070,359
20210926 22:29:19 ( 0.98,   0.18 ) XTZ   :     8455.00,     8385.00,     8015.00,  -0.83%,      -70.00,  -17283.86, 2,070,359
20210926 22:29:24 ( 1.04,   0.30 ) XTZ   :     8455.00,     8395.00,     8015.00,  -0.71%,      -60.00,  -14814.74, 2,072,828
20210926 22:29:30 ( 1.10,   0.24 ) XTZ   :     8455.00,     8390.00,     8015.00,  -0.77%,      -65.00,  -16049.30, 2,071,593
20210926 22:29:35 ( 1.07,   0.30 ) XTZ   :     8455.00,     8395.00,     8015.00,  -0.71%,      -60.00,  -14814.74, 2,072,828
20210926 22:29:40 ( 1.07,   0.30 ) XTZ   :     8455.00,     8395.00,     8015.00,  -0.71%,      -60.00,  -14814.74, 2,072,828
20210926 22:29:46 ( 1.07,   0.24 ) XTZ   :     8455.00,     8390.00,     8015.00,  -0.77%,      -65.00,  -16049.30, 2,071,593
20210926 22:29:51 ( 1.04,   0.30 ) XTZ   :     8455.00,     8395.00,     8015.00,  -0.71%,      -60.00,  -14814.74, 2,072,828
20210926 22:29:56 ( 1.04,   0.24 ) XTZ   :     8455.00,     8390.00,     8015.00,  -0.77%,      -65.00,  -16049.30, 2,071,593
20210926 22:30:01 ( 1.04,   0.30 ) XTZ   :     8455.00,     8395.00,     8015.00,  -0.71%,      -60.00,  -14814.74, 2,072,828
20210926 22:30:07 ( 1.04,   0.24 ) XTZ   :     8455.00,     8390.00,     8015.00,  -0.77%,      -65.00,  -16049.30, 2,071,593
20210926 22:30:12 ( 1.03,   0.30 ) XTZ   :     8455.00,     8395.00,     8015.00,  -0.71%,      -60.00,  -14814.74, 2,072,828
20210926 22:30:17 ( 1.04,   0.30 ) XTZ   :     8455.00,     8395.00,     8015.00,  -0.71%,      -60.00,  -14814.74, 2,072,828
20210926 22:30:23 ( 0.99,   0.30 ) XTZ   :     8455.00,     8395.00,     8015.00,  -0.71%,      -60.00,  -14814.74, 2,072,828
20210926 22:30:28 ( 1.04,   0.30 ) XTZ   :     8455.00,     8395.00,     8015.00,  -0.71%,      -60.00,  -14814.74, 2,072,828
20210926 22:30:33 ( 1.03,   0.30 ) XTZ   :     8455.00,     8395.00,     8015.00,  -0.71%,      -60.00,  -14814.74, 2,072,828
20210926 22:30:39 ( 1.03,   0.42 ) XTZ   :     8455.00,     8405.00,     8015.00,  -0.59%,      -50.00,  -12345.61, 2,075,297
20210926 22:30:44 ( 1.04,   0.36 ) XTZ   :     8455.00,     8400.00,     8015.00,  -0.65%,      -55.00,  -13580.17, 2,074,063
20210926 22:30:50 ( 1.04,   0.36 ) XTZ   :     8455.00,     8400.00,     8015.00,  -0.65%,      -55.00,  -13580.17, 2,074,063
20210926 22:30:55 ( 1.04,   0.30 ) XTZ   :     8455.00,     8395.00,     8015.00,  -0.71%,      -60.00,  -14814.74, 2,072,828
20210926 22:31:00 ( 1.04,   0.30 ) XTZ   :     8455.00,     8395.00,     8015.00,  -0.71%,      -60.00,  -14814.74, 2,072,828
20210926 22:31:05 ( 1.04,   0.24 ) XTZ   :     8455.00,     8390.00,     8015.00,  -0.77%,      -65.00,  -16049.30, 2,071,593
20210926 22:31:11 ( 1.04,   0.24 ) XTZ   :     8455.00,     8390.00,     8015.00,  -0.77%,      -65.00,  -16049.30, 2,071,593
20210926 22:31:16 ( 1.04,   0.18 ) XTZ   :     8455.00,     8385.00,     8015.00,  -0.83%,      -70.00,  -17283.86, 2,070,359
20210926 22:31:21 ( 1.04,   0.24 ) XTZ   :     8455.00,     8390.00,     8015.00,  -0.77%,      -65.00,  -16049.30, 2,071,593
20210926 22:31:27 ( 1.04,   0.24 ) XTZ   :     8455.00,     8390.00,     8015.00,  -0.77%,      -65.00,  -16049.30, 2,071,593
20210926 22:31:32 ( 1.06,   0.24 ) XTZ   :     8455.00,     8390.00,     8015.00,  -0.77%,      -65.00,  -16049.30, 2,071,593
20210926 22:31:37 ( 1.07,   0.30 ) XTZ   :     8455.00,     8395.00,     8015.00,  -0.71%,      -60.00,  -14814.74, 2,072,828
20210926 22:31:42 ( 1.07,   0.30 ) XTZ   :     8455.00,     8395.00,     8015.00,  -0.71%,      -60.00,  -14814.74, 2,072,828
20210926 22:31:48 ( 1.07,   0.30 ) XTZ   :     8455.00,     8395.00,     8015.00,  -0.71%,      -60.00,  -14814.74, 2,072,828
20210926 22:31:53 ( 1.07,   0.30 ) XTZ   :     8455.00,     8395.00,     8015.00,  -0.71%,      -60.00,  -14814.74, 2,072,828
20210926 22:31:58 ( 1.07,   0.36 ) XTZ   :     8455.00,     8400.00,     8015.00,  -0.65%,      -55.00,  -13580.17, 2,074,063
20210926 22:32:04 ( 1.08,   0.30 ) XTZ   :     8455.00,     8395.00,     8015.00,  -0.71%,      -60.00,  -14814.74, 2,072,828
20210926 22:32:09 ( 1.12,   0.36 ) XTZ   :     8455.00,     8400.00,     8015.00,  -0.65%,      -55.00,  -13580.17, 2,074,063
20210926 22:32:14 ( 1.12,   0.36 ) XTZ   :     8455.00,     8400.00,     8015.00,  -0.65%,      -55.00,  -13580.17, 2,074,063
20210926 22:32:20 ( 1.07,   0.36 ) XTZ   :     8455.00,     8400.00,     8015.00,  -0.65%,      -55.00,  -13580.17, 2,074,063
20210926 22:32:25 ( 1.11,   0.36 ) XTZ   :     8455.00,     8400.00,     8015.00,  -0.65%,      -55.00,  -13580.17, 2,074,063
20210926 22:32:30 ( 1.12,   0.30 ) XTZ   :     8455.00,     8395.00,     8015.00,  -0.71%,      -60.00,  -14814.74, 2,072,828
20210926 22:32:35 ( 1.13,   0.30 ) XTZ   :     8455.00,     8395.00,     8015.00,  -0.71%,      -60.00,  -14814.74, 2,072,828
20210926 22:32:41 ( 1.12,   0.24 ) XTZ   :     8455.00,     8390.00,     8015.00,  -0.77%,      -65.00,  -16049.30, 2,071,593
20210926 22:32:46 ( 1.12,   0.24 ) XTZ   :     8455.00,     8390.00,     8015.00,  -0.77%,      -65.00,  -16049.30, 2,071,593
20210926 22:32:51 ( 1.13,   0.24 ) XTZ   :     8455.00,     8390.00,     8015.00,  -0.77%,      -65.00,  -16049.30, 2,071,593
20210926 22:32:57 ( 1.13,   0.18 ) XTZ   :     8455.00,     8385.00,     8015.00,  -0.83%,      -70.00,  -17283.86, 2,070,359
20210926 22:33:02 ( 1.13,   0.24 ) XTZ   :     8455.00,     8390.00,     8015.00,  -0.77%,      -65.00,  -16049.30, 2,071,593
20210926 22:33:07 ( 1.13,   0.24 ) XTZ   :     8455.00,     8390.00,     8015.00,  -0.77%,      -65.00,  -16049.30, 2,071,593
20210926 22:33:13 ( 1.13,   0.18 ) XTZ   :     8455.00,     8385.00,     8015.00,  -0.83%,      -70.00,  -17283.86, 2,070,359
20210926 22:33:18 ( 1.13,   0.12 ) XTZ   :     8455.00,     8380.00,     8015.00,  -0.89%,      -75.00,  -18518.42, 2,069,124
20210926 22:33:23 ( 1.13,   0.06 ) XTZ   :     8455.00,     8375.00,     8015.00,  -0.95%,      -80.00,  -19752.98, 2,067,890
20210926 22:33:28 ( 1.13,   0.06 ) XTZ   :     8455.00,     8375.00,     8015.00,  -0.95%,      -80.00,  -19752.98, 2,067,890
20210926 22:33:34 ( 1.13,   0.00 ) XTZ   :     8455.00,     8370.00,     8015.00,  -1.01%,      -85.00,  -20987.54, 2,066,655
20210926 22:33:39 ( 1.13,   0.00 ) XTZ   :     8455.00,     8370.00,     8015.00,  -1.01%,      -85.00,  -20987.54, 2,066,655
20210926 22:33:44 ( 1.13,   0.00 ) XTZ   :     8455.00,     8370.00,     8015.00,  -1.01%,      -85.00,  -20987.54, 2,066,655
20210926 22:33:50 ( 1.13,   0.00 ) XTZ   :     8455.00,     8370.00,     8015.00,  -1.01%,      -85.00,  -20987.54, 2,066,655
20210926 22:33:55 ( 1.13,   0.06 ) XTZ   :     8455.00,     8375.00,     8015.00,  -0.95%,      -80.00,  -19752.98, 2,067,890
20210926 22:34:01 ( 1.13,   0.06 ) XTZ   :     8455.00,     8375.00,     8015.00,  -0.95%,      -80.00,  -19752.98, 2,067,890
20210926 22:34:06 ( 1.13,   0.06 ) XTZ   :     8455.00,     8375.00,     8015.00,  -0.95%,      -80.00,  -19752.98, 2,067,890
20210926 22:34:11 ( 1.13,   0.06 ) XTZ   :     8455.00,     8375.00,     8015.00,  -0.95%,      -80.00,  -19752.98, 2,067,890
20210926 22:34:16 ( 1.13,   0.06 ) XTZ   :     8455.00,     8375.00,     8015.00,  -0.95%,      -80.00,  -19752.98, 2,067,890
20210926 22:34:22 ( 1.14,   0.06 ) XTZ   :     8455.00,     8375.00,     8015.00,  -0.95%,      -80.00,  -19752.98, 2,067,890
20210926 22:34:27 ( 1.14,   0.18 ) XTZ   :     8455.00,     8385.00,     8015.00,  -0.83%,      -70.00,  -17283.86, 2,070,359
20210926 22:34:32 ( 1.13,   0.06 ) XTZ   :     8455.00,     8375.00,     8015.00,  -0.95%,      -80.00,  -19752.98, 2,067,890
20210926 22:34:38 ( 1.13,   0.12 ) XTZ   :     8455.00,     8380.00,     8015.00,  -0.89%,      -75.00,  -18518.42, 2,069,124
20210926 22:34:43 ( 1.13,   0.12 ) XTZ   :     8455.00,     8380.00,     8015.00,  -0.89%,      -75.00,  -18518.42, 2,069,124
20210926 22:34:48 ( 1.14,   0.24 ) XTZ   :     8455.00,     8390.00,     8015.00,  -0.77%,      -65.00,  -16049.30, 2,071,593
20210926 22:34:54 ( 1.14,   0.18 ) XTZ   :     8455.00,     8385.00,     8015.00,  -0.83%,      -70.00,  -17283.86, 2,070,359
20210926 22:34:59 ( 1.13,   0.18 ) XTZ   :     8455.00,     8385.00,     8015.00,  -0.83%,      -70.00,  -17283.86, 2,070,359
20210926 22:35:04 ( 1.13,   0.18 ) XTZ   :     8455.00,     8385.00,     8015.00,  -0.83%,      -70.00,  -17283.86, 2,070,359
20210926 22:35:09 ( 1.13,   0.18 ) XTZ   :     8455.00,     8385.00,     8015.00,  -0.83%,      -70.00,  -17283.86, 2,070,359
20210926 22:35:15 ( 1.13,   0.12 ) XTZ   :     8455.00,     8380.00,     8015.00,  -0.89%,      -75.00,  -18518.42, 2,069,124
20210926 22:35:20 ( 1.13,   0.12 ) XTZ   :     8455.00,     8380.00,     8015.00,  -0.89%,      -75.00,  -18518.42, 2,069,124
20210926 22:35:25 ( 1.13,   0.24 ) XTZ   :     8455.00,     8390.00,     8015.00,  -0.77%,      -65.00,  -16049.30, 2,071,593
20210926 22:35:31 ( 1.14,   0.12 ) XTZ   :     8455.00,     8380.00,     8015.00,  -0.89%,      -75.00,  -18518.42, 2,069,124
20210926 22:35:36 ( 1.13,   0.18 ) XTZ   :     8455.00,     8385.00,     8015.00,  -0.83%,      -70.00,  -17283.86, 2,070,359
20210926 22:35:41 ( 1.13,   0.18 ) XTZ   :     8455.00,     8385.00,     8015.00,  -0.83%,      -70.00,  -17283.86, 2,070,359
20210926 22:35:46 ( 1.14,   0.18 ) XTZ   :     8455.00,     8385.00,     8015.00,  -0.83%,      -70.00,  -17283.86, 2,070,359
20210926 22:35:52 ( 1.14,   0.18 ) XTZ   :     8455.00,     8385.00,     8015.00,  -0.83%,      -70.00,  -17283.86, 2,070,359
20210926 22:35:57 ( 1.13,   0.18 ) XTZ   :     8455.00,     8385.00,     8015.00,  -0.83%,      -70.00,  -17283.86, 2,070,359
20210926 22:36:02 ( 1.14,   0.12 ) XTZ   :     8455.00,     8380.00,     8015.00,  -0.89%,      -75.00,  -18518.42, 2,069,124
20210926 22:36:08 ( 1.14,   0.12 ) XTZ   :     8455.00,     8380.00,     8015.00,  -0.89%,      -75.00,  -18518.42, 2,069,124
20210926 22:36:13 ( 1.14,   0.06 ) XTZ   :     8455.00,     8375.00,     8015.00,  -0.95%,      -80.00,  -19752.98, 2,067,890
20210926 22:36:18 ( 1.13,   0.06 ) XTZ   :     8455.00,     8375.00,     8015.00,  -0.95%,      -80.00,  -19752.98, 2,067,890
20210926 22:36:23 ( 1.13,   0.06 ) XTZ   :     8455.00,     8375.00,     8015.00,  -0.95%,      -80.00,  -19752.98, 2,067,890
20210926 22:36:29 ( 1.13,   0.06 ) XTZ   :     8455.00,     8375.00,     8015.00,  -0.95%,      -80.00,  -19752.98, 2,067,890
20210926 22:36:34 ( 1.09,  -0.06 ) XTZ   :     8455.00,     8365.00,     8015.00,  -1.06%,      -90.00,  -22222.10, 2,065,421
20210926 22:36:39 ( 1.08,  -0.06 ) XTZ   :     8455.00,     8365.00,     8015.00,  -1.06%,      -90.00,  -22222.10, 2,065,421
20210926 22:36:45 ( 1.08,  -0.06 ) XTZ   :     8455.00,     8365.00,     8015.00,  -1.06%,      -90.00,  -22222.10, 2,065,421
20210926 22:36:50 ( 1.07,  -0.06 ) XTZ   :     8455.00,     8365.00,     8015.00,  -1.06%,      -90.00,  -22222.10, 2,065,421
20210926 22:36:55 ( 1.09,  -0.06 ) XTZ   :     8455.00,     8365.00,     8015.00,  -1.06%,      -90.00,  -22222.10, 2,065,421
20210926 22:37:01 ( 1.09,  -0.06 ) XTZ   :     8455.00,     8365.00,     8015.00,  -1.06%,      -90.00,  -22222.10, 2,065,421
20210926 22:37:06 ( 1.09,  -0.06 ) XTZ   :     8455.00,     8365.00,     8015.00,  -1.06%,      -90.00,  -22222.10, 2,065,421
20210926 22:37:11 ( 1.09,  -0.06 ) XTZ   :     8455.00,     8365.00,     8015.00,  -1.06%,      -90.00,  -22222.10, 2,065,421
20210926 22:37:17 ( 1.09,  -0.06 ) XTZ   :     8455.00,     8365.00,     8015.00,  -1.06%,      -90.00,  -22222.10, 2,065,421
20210926 22:37:22 ( 1.08,  -0.06 ) XTZ   :     8455.00,     8365.00,     8015.00,  -1.06%,      -90.00,  -22222.10, 2,065,421
20210926 22:37:27 ( 1.08,  -0.06 ) XTZ   :     8455.00,     8365.00,     8015.00,  -1.06%,      -90.00,  -22222.10, 2,065,421
20210926 22:37:33 ( 1.08,  -0.06 ) XTZ   :     8455.00,     8365.00,     8015.00,  -1.06%,      -90.00,  -22222.10, 2,065,421
20210926 22:37:38 ( 1.08,  -0.06 ) XTZ   :     8455.00,     8365.00,     8015.00,  -1.06%,      -90.00,  -22222.10, 2,065,421
20210926 22:37:43 ( 1.08,  -0.12 ) XTZ   :     8455.00,     8360.00,     8015.00,  -1.12%,      -95.00,  -23456.66, 2,064,186
20210926 22:37:49 ( 1.09,  -0.06 ) XTZ   :     8455.00,     8365.00,     8015.00,  -1.06%,      -90.00,  -22222.10, 2,065,421
20210926 22:37:54 ( 1.09,  -0.06 ) XTZ   :     8455.00,     8365.00,     8015.00,  -1.06%,      -90.00,  -22222.10, 2,065,421
20210926 22:37:59 ( 1.08,  -0.06 ) XTZ   :     8455.00,     8365.00,     8015.00,  -1.06%,      -90.00,  -22222.10, 2,065,421
20210926 22:38:04 ( 1.08,   0.00 ) XTZ   :     8455.00,     8370.00,     8015.00,  -1.01%,      -85.00,  -20987.54, 2,066,655
20210926 22:38:10 ( 1.08,  -0.06 ) XTZ   :     8455.00,     8365.00,     8015.00,  -1.06%,      -90.00,  -22222.10, 2,065,421
20210926 22:38:15 ( 1.07,  -0.06 ) XTZ   :     8455.00,     8365.00,     8015.00,  -1.06%,      -90.00,  -22222.10, 2,065,421
20210926 22:38:20 ( 1.08,  -0.06 ) XTZ   :     8455.00,     8365.00,     8015.00,  -1.06%,      -90.00,  -22222.10, 2,065,421
20210926 22:38:26 ( 1.07,  -0.12 ) XTZ   :     8455.00,     8360.00,     8015.00,  -1.12%,      -95.00,  -23456.66, 2,064,186
20210926 22:38:31 ( 1.08,  -0.12 ) XTZ   :     8455.00,     8360.00,     8015.00,  -1.12%,      -95.00,  -23456.66, 2,064,186
20210926 22:38:36 ( 1.07,  -0.18 ) XTZ   :     8455.00,     8355.00,     8015.00,  -1.18%,     -100.00,  -24691.23, 2,062,951
20210926 22:38:42 ( 1.07,  -0.12 ) XTZ   :     8455.00,     8360.00,     8015.00,  -1.12%,      -95.00,  -23456.66, 2,064,186
20210926 22:38:47 ( 1.07,  -0.06 ) XTZ   :     8455.00,     8365.00,     8015.00,  -1.06%,      -90.00,  -22222.10, 2,065,421
20210926 22:38:52 ( 1.07,  -0.12 ) XTZ   :     8455.00,     8360.00,     8015.00,  -1.12%,      -95.00,  -23456.66, 2,064,186
20210926 22:38:57 ( 1.08,  -0.12 ) XTZ   :     8455.00,     8360.00,     8015.00,  -1.12%,      -95.00,  -23456.66, 2,064,186
20210926 22:39:03 ( 1.07,  -0.12 ) XTZ   :     8455.00,     8360.00,     8015.00,  -1.12%,      -95.00,  -23456.66, 2,064,186
20210926 22:39:08 ( 1.08,   0.00 ) XTZ   :     8455.00,     8370.00,     8015.00,  -1.01%,      -85.00,  -20987.54, 2,066,655
20210926 22:39:13 ( 1.07,  -0.12 ) XTZ   :     8455.00,     8360.00,     8015.00,  -1.12%,      -95.00,  -23456.66, 2,064,186
20210926 22:39:18 ( 1.08,   0.00 ) XTZ   :     8455.00,     8370.00,     8015.00,  -1.01%,      -85.00,  -20987.54, 2,066,655
20210926 22:39:24 ( 1.08,   0.00 ) XTZ   :     8455.00,     8370.00,     8015.00,  -1.01%,      -85.00,  -20987.54, 2,066,655
20210926 22:39:29 ( 1.08,  -0.06 ) XTZ   :     8455.00,     8365.00,     8015.00,  -1.06%,      -90.00,  -22222.10, 2,065,421
20210926 22:39:34 ( 1.08,  -0.06 ) XTZ   :     8455.00,     8365.00,     8015.00,  -1.06%,      -90.00,  -22222.10, 2,065,421
20210926 22:39:40 ( 1.07,  -0.06 ) XTZ   :     8455.00,     8365.00,     8015.00,  -1.06%,      -90.00,  -22222.10, 2,065,421
20210926 22:39:45 ( 1.08,  -0.06 ) XTZ   :     8455.00,     8365.00,     8015.00,  -1.06%,      -90.00,  -22222.10, 2,065,421
20210926 22:39:50 ( 1.08,   0.00 ) XTZ   :     8455.00,     8370.00,     8015.00,  -1.01%,      -85.00,  -20987.54, 2,066,655
20210926 22:39:56 ( 1.08,  -0.06 ) XTZ   :     8455.00,     8365.00,     8015.00,  -1.06%,      -90.00,  -22222.10, 2,065,421
20210926 22:40:01 ( 1.08,  -0.06 ) XTZ   :     8455.00,     8365.00,     8015.00,  -1.06%,      -90.00,  -22222.10, 2,065,421
20210926 22:40:06 ( 1.07,  -0.12 ) XTZ   :     8455.00,     8360.00,     8015.00,  -1.12%,      -95.00,  -23456.66, 2,064,186
20210926 22:40:12 ( 1.08,  -0.12 ) XTZ   :     8455.00,     8360.00,     8015.00,  -1.12%,      -95.00,  -23456.66, 2,064,186
20210926 22:40:17 ( 1.08,  -0.12 ) XTZ   :     8455.00,     8360.00,     8015.00,  -1.12%,      -95.00,  -23456.66, 2,064,186
20210926 22:40:22 ( 1.08,  -0.12 ) XTZ   :     8455.00,     8360.00,     8015.00,  -1.12%,      -95.00,  -23456.66, 2,064,186
20210926 22:40:28 ( 1.08,  -0.12 ) XTZ   :     8455.00,     8360.00,     8015.00,  -1.12%,      -95.00,  -23456.66, 2,064,186
20210926 22:40:33 ( 1.08,  -0.18 ) XTZ   :     8455.00,     8355.00,     8015.00,  -1.18%,     -100.00,  -24691.23, 2,062,951
20210926 22:40:38 ( 1.08,  -0.24 ) XTZ   :     8455.00,     8350.00,     8015.00,  -1.24%,     -105.00,  -25925.79, 2,061,717
20210926 22:40:44 ( 1.08,  -0.18 ) XTZ   :     8455.00,     8355.00,     8015.00,  -1.18%,     -100.00,  -24691.23, 2,062,951
20210926 22:40:49 ( 1.08,  -0.18 ) XTZ   :     8455.00,     8355.00,     8015.00,  -1.18%,     -100.00,  -24691.23, 2,062,951
20210926 22:40:54 ( 1.08,  -0.24 ) XTZ   :     8455.00,     8350.00,     8015.00,  -1.24%,     -105.00,  -25925.79, 2,061,717
20210926 22:40:59 ( 1.08,  -0.36 ) XTZ   :     8455.00,     8340.00,     8015.00,  -1.36%,     -115.00,  -28394.91, 2,059,248
20210926 22:41:05 ( 1.08,  -0.36 ) XTZ   :     8455.00,     8340.00,     8015.00,  -1.36%,     -115.00,  -28394.91, 2,059,248
20210926 22:41:10 ( 1.07,  -0.18 ) XTZ   :     8455.00,     8355.00,     8015.00,  -1.18%,     -100.00,  -24691.23, 2,062,951
20210926 22:41:15 ( 1.08,  -0.18 ) XTZ   :     8455.00,     8355.00,     8015.00,  -1.18%,     -100.00,  -24691.23, 2,062,951
20210926 22:41:21 ( 1.08,  -0.24 ) XTZ   :     8455.00,     8350.00,     8015.00,  -1.24%,     -105.00,  -25925.79, 2,061,717
20210926 22:41:26 ( 1.08,  -0.06 ) XTZ   :     8455.00,     8365.00,     8015.00,  -1.06%,      -90.00,  -22222.10, 2,065,421
20210926 22:41:31 ( 1.07,  -0.18 ) XTZ   :     8455.00,     8355.00,     8015.00,  -1.18%,     -100.00,  -24691.23, 2,062,951
20210926 22:41:37 ( 1.07,  -0.18 ) XTZ   :     8455.00,     8355.00,     8015.00,  -1.18%,     -100.00,  -24691.23, 2,062,951
20210926 22:41:42 ( 1.07,  -0.18 ) XTZ   :     8455.00,     8355.00,     8015.00,  -1.18%,     -100.00,  -24691.23, 2,062,951
20210926 22:41:47 ( 1.07,  -0.12 ) XTZ   :     8455.00,     8360.00,     8015.00,  -1.12%,      -95.00,  -23456.66, 2,064,186
20210926 22:41:52 ( 1.07,  -0.18 ) XTZ   :     8455.00,     8355.00,     8015.00,  -1.18%,     -100.00,  -24691.23, 2,062,951
20210926 22:41:58 ( 1.07,  -0.18 ) XTZ   :     8455.00,     8355.00,     8015.00,  -1.18%,     -100.00,  -24691.23, 2,062,951
20210926 22:42:03 ( 1.07,  -0.24 ) XTZ   :     8455.00,     8350.00,     8015.00,  -1.24%,     -105.00,  -25925.79, 2,061,717
20210926 22:42:08 ( 1.08,  -0.24 ) XTZ   :     8455.00,     8350.00,     8015.00,  -1.24%,     -105.00,  -25925.79, 2,061,717
20210926 22:42:14 ( 1.07,  -0.24 ) XTZ   :     8455.00,     8350.00,     8015.00,  -1.24%,     -105.00,  -25925.79, 2,061,717
20210926 22:42:19 ( 1.08,  -0.24 ) XTZ   :     8455.00,     8350.00,     8015.00,  -1.24%,     -105.00,  -25925.79, 2,061,717
20210926 22:42:24 ( 1.08,  -0.30 ) XTZ   :     8455.00,     8345.00,     8015.00,  -1.30%,     -110.00,  -27160.35, 2,060,482
20210926 22:42:30 ( 1.07,  -0.30 ) XTZ   :     8455.00,     8345.00,     8015.00,  -1.30%,     -110.00,  -27160.35, 2,060,482
20210926 22:42:35 ( 1.08,  -0.30 ) XTZ   :     8455.00,     8345.00,     8015.00,  -1.30%,     -110.00,  -27160.35, 2,060,482
20210926 22:42:40 ( 1.08,  -0.36 ) XTZ   :     8455.00,     8340.00,     8015.00,  -1.36%,     -115.00,  -28394.91, 2,059,248
20210926 22:42:46 ( 1.08,  -0.30 ) XTZ   :     8455.00,     8345.00,     8015.00,  -1.30%,     -110.00,  -27160.35, 2,060,482
20210926 22:42:51 ( 1.08,  -0.36 ) XTZ   :     8455.00,     8340.00,     8015.00,  -1.36%,     -115.00,  -28394.91, 2,059,248
20210926 22:42:56 ( 1.08,  -0.36 ) XTZ   :     8455.00,     8340.00,     8015.00,  -1.36%,     -115.00,  -28394.91, 2,059,248
20210926 22:43:01 ( 1.08,  -0.36 ) XTZ   :     8455.00,     8340.00,     8015.00,  -1.36%,     -115.00,  -28394.91, 2,059,248
20210926 22:43:07 ( 1.08,  -0.42 ) XTZ   :     8455.00,     8335.00,     8015.00,  -1.42%,     -120.00,  -29629.47, 2,058,013
20210926 22:43:12 ( 1.08,  -0.42 ) XTZ   :     8455.00,     8335.00,     8015.00,  -1.42%,     -120.00,  -29629.47, 2,058,013
20210926 22:43:18 ( 1.07,  -0.48 ) XTZ   :     8455.00,     8330.00,     8015.00,  -1.48%,     -125.00,  -30864.03, 2,056,779
20210926 22:43:23 ( 1.07,  -0.48 ) XTZ   :     8455.00,     8330.00,     8015.00,  -1.48%,     -125.00,  -30864.03, 2,056,779
20210926 22:43:28 ( 1.07,  -0.48 ) XTZ   :     8455.00,     8330.00,     8015.00,  -1.48%,     -125.00,  -30864.03, 2,056,779
20210926 22:43:33 ( 1.08,  -0.60 ) XTZ   :     8455.00,     8320.00,     8015.00,  -1.60%,     -135.00,  -33333.16, 2,054,310
20210926 22:43:39 ( 1.08,  -0.60 ) XTZ   :     8455.00,     8320.00,     8015.00,  -1.60%,     -135.00,  -33333.16, 2,054,310
20210926 22:43:44 ( 1.07,  -0.66 ) XTZ   :     8455.00,     8315.00,     8015.00,  -1.66%,     -140.00,  -34567.72, 2,053,075
20210926 22:43:49 ( 1.07,  -0.66 ) XTZ   :     8455.00,     8315.00,     8015.00,  -1.66%,     -140.00,  -34567.72, 2,053,075
20210926 22:43:55 ( 1.07,  -0.66 ) XTZ   :     8455.00,     8315.00,     8015.00,  -1.66%,     -140.00,  -34567.72, 2,053,075
20210926 22:44:00 ( 1.05,  -0.60 ) XTZ   :     8455.00,     8320.00,     8015.00,  -1.60%,     -135.00,  -33333.16, 2,054,310
20210926 22:44:05 ( 1.07,  -0.60 ) XTZ   :     8455.00,     8320.00,     8015.00,  -1.60%,     -135.00,  -33333.16, 2,054,310
20210926 22:44:11 ( 1.04,  -0.60 ) XTZ   :     8455.00,     8320.00,     8015.00,  -1.60%,     -135.00,  -33333.16, 2,054,310
20210926 22:44:16 ( 1.04,  -0.60 ) XTZ   :     8455.00,     8320.00,     8015.00,  -1.60%,     -135.00,  -33333.16, 2,054,310
20210926 22:44:21 ( 1.04,  -0.60 ) XTZ   :     8455.00,     8320.00,     8015.00,  -1.60%,     -135.00,  -33333.16, 2,054,310
20210926 22:44:26 ( 1.05,  -0.60 ) XTZ   :     8455.00,     8320.00,     8015.00,  -1.60%,     -135.00,  -33333.16, 2,054,310
20210926 22:44:32 ( 1.07,  -0.60 ) XTZ   :     8455.00,     8320.00,     8015.00,  -1.60%,     -135.00,  -33333.16, 2,054,310
20210926 22:44:37 ( 1.04,  -0.60 ) XTZ   :     8455.00,     8320.00,     8015.00,  -1.60%,     -135.00,  -33333.16, 2,054,310
20210926 22:44:42 ( 1.04,  -0.60 ) XTZ   :     8455.00,     8320.00,     8015.00,  -1.60%,     -135.00,  -33333.16, 2,054,310
20210926 22:44:48 ( 1.00,  -0.60 ) XTZ   :     8455.00,     8320.00,     8015.00,  -1.60%,     -135.00,  -33333.16, 2,054,310
20210926 22:44:53 ( 1.04,  -0.66 ) XTZ   :     8455.00,     8315.00,     8015.00,  -1.66%,     -140.00,  -34567.72, 2,053,075
20210926 22:44:58 ( 1.00,  -0.66 ) XTZ   :     8455.00,     8315.00,     8015.00,  -1.66%,     -140.00,  -34567.72, 2,053,075
20210926 22:45:04 ( 1.02,  -0.60 ) XTZ   :     8455.00,     8320.00,     8015.00,  -1.60%,     -135.00,  -33333.16, 2,054,310
20210926 22:45:09 ( 1.02,  -0.60 ) XTZ   :     8455.00,     8320.00,     8015.00,  -1.60%,     -135.00,  -33333.16, 2,054,310
20210926 22:45:14 ( 1.02,  -0.54 ) XTZ   :     8455.00,     8325.00,     8015.00,  -1.54%,     -130.00,  -32098.59, 2,055,544
20210926 22:45:20 ( 1.04,  -0.48 ) XTZ   :     8455.00,     8330.00,     8015.00,  -1.48%,     -125.00,  -30864.03, 2,056,779
20210926 22:45:25 ( 1.04,  -0.54 ) XTZ   :     8455.00,     8325.00,     8015.00,  -1.54%,     -130.00,  -32098.59, 2,055,544
20210926 22:45:30 ( 1.04,  -0.54 ) XTZ   :     8455.00,     8325.00,     8015.00,  -1.54%,     -130.00,  -32098.59, 2,055,544
20210926 22:45:36 ( 1.04,  -0.54 ) XTZ   :     8455.00,     8325.00,     8015.00,  -1.54%,     -130.00,  -32098.59, 2,055,544
20210926 22:45:41 ( 1.04,  -0.54 ) XTZ   :     8455.00,     8325.00,     8015.00,  -1.54%,     -130.00,  -32098.59, 2,055,544
20210926 22:45:46 ( 1.04,  -0.54 ) XTZ   :     8455.00,     8325.00,     8015.00,  -1.54%,     -130.00,  -32098.59, 2,055,544
20210926 22:45:51 ( 1.04,  -0.48 ) XTZ   :     8455.00,     8330.00,     8015.00,  -1.48%,     -125.00,  -30864.03, 2,056,779
20210926 22:45:57 ( 1.04,  -0.42 ) XTZ   :     8455.00,     8335.00,     8015.00,  -1.42%,     -120.00,  -29629.47, 2,058,013
20210926 22:46:02 ( 1.02,  -0.42 ) XTZ   :     8455.00,     8335.00,     8015.00,  -1.42%,     -120.00,  -29629.47, 2,058,013
20210926 22:46:07 ( 1.02,  -0.48 ) XTZ   :     8455.00,     8330.00,     8015.00,  -1.48%,     -125.00,  -30864.03, 2,056,779
20210926 22:46:13 ( 1.02,  -0.48 ) XTZ   :     8455.00,     8330.00,     8015.00,  -1.48%,     -125.00,  -30864.03, 2,056,779
20210926 22:46:18 ( 1.02,  -0.48 ) XTZ   :     8455.00,     8330.00,     8015.00,  -1.48%,     -125.00,  -30864.03, 2,056,779
20210926 22:46:23 ( 1.02,  -0.48 ) XTZ   :     8455.00,     8330.00,     8015.00,  -1.48%,     -125.00,  -30864.03, 2,056,779
20210926 22:46:29 ( 1.00,  -0.48 ) XTZ   :     8455.00,     8330.00,     8015.00,  -1.48%,     -125.00,  -30864.03, 2,056,779
20210926 22:46:34 ( 1.02,  -0.48 ) XTZ   :     8455.00,     8330.00,     8015.00,  -1.48%,     -125.00,  -30864.03, 2,056,779
20210926 22:46:39 ( 1.00,  -0.48 ) XTZ   :     8455.00,     8330.00,     8015.00,  -1.48%,     -125.00,  -30864.03, 2,056,779
20210926 22:46:44 ( 1.00,  -0.48 ) XTZ   :     8455.00,     8330.00,     8015.00,  -1.48%,     -125.00,  -30864.03, 2,056,779
20210926 22:46:50 ( 0.98,  -0.48 ) XTZ   :     8455.00,     8330.00,     8015.00,  -1.48%,     -125.00,  -30864.03, 2,056,779
20210926 22:46:55 ( 0.99,  -0.42 ) XTZ   :     8455.00,     8335.00,     8015.00,  -1.42%,     -120.00,  -29629.47, 2,058,013
20210926 22:47:01 ( 0.99,  -0.54 ) XTZ   :     8455.00,     8325.00,     8015.00,  -1.54%,     -130.00,  -32098.59, 2,055,544
20210926 22:47:06 ( 0.99,  -0.48 ) XTZ   :     8455.00,     8330.00,     8015.00,  -1.48%,     -125.00,  -30864.03, 2,056,779
20210926 22:47:11 ( 0.99,  -0.48 ) XTZ   :     8455.00,     8330.00,     8015.00,  -1.48%,     -125.00,  -30864.03, 2,056,779
20210926 22:47:17 ( 0.98,  -0.48 ) XTZ   :     8455.00,     8330.00,     8015.00,  -1.48%,     -125.00,  -30864.03, 2,056,779
20210926 22:47:22 ( 0.98,  -0.54 ) XTZ   :     8455.00,     8325.00,     8015.00,  -1.54%,     -130.00,  -32098.59, 2,055,544
20210926 22:47:27 ( 0.98,  -0.54 ) XTZ   :     8455.00,     8325.00,     8015.00,  -1.54%,     -130.00,  -32098.59, 2,055,544
20210926 22:47:33 ( 0.99,  -0.54 ) XTZ   :     8455.00,     8325.00,     8015.00,  -1.54%,     -130.00,  -32098.59, 2,055,544
20210926 22:47:38 ( 0.99,  -0.48 ) XTZ   :     8455.00,     8330.00,     8015.00,  -1.48%,     -125.00,  -30864.03, 2,056,779
20210926 22:47:43 ( 1.02,  -0.48 ) XTZ   :     8455.00,     8330.00,     8015.00,  -1.48%,     -125.00,  -30864.03, 2,056,779
20210926 22:47:49 ( 1.02,  -0.48 ) XTZ   :     8455.00,     8330.00,     8015.00,  -1.48%,     -125.00,  -30864.03, 2,056,779
20210926 22:47:54 ( 1.02,  -0.54 ) XTZ   :     8455.00,     8325.00,     8015.00,  -1.54%,     -130.00,  -32098.59, 2,055,544
20210926 22:47:59 ( 0.99,  -0.48 ) XTZ   :     8455.00,     8330.00,     8015.00,  -1.48%,     -125.00,  -30864.03, 2,056,779
20210926 22:48:04 ( 1.02,  -0.48 ) XTZ   :     8455.00,     8330.00,     8015.00,  -1.48%,     -125.00,  -30864.03, 2,056,779
20210926 22:48:10 ( 1.02,  -0.42 ) XTZ   :     8455.00,     8335.00,     8015.00,  -1.42%,     -120.00,  -29629.47, 2,058,013
20210926 22:48:15 ( 1.02,  -0.42 ) XTZ   :     8455.00,     8335.00,     8015.00,  -1.42%,     -120.00,  -29629.47, 2,058,013
20210926 22:48:20 ( 1.02,  -0.42 ) XTZ   :     8455.00,     8335.00,     8015.00,  -1.42%,     -120.00,  -29629.47, 2,058,013
20210926 22:48:26 ( 1.02,  -0.36 ) XTZ   :     8455.00,     8340.00,     8015.00,  -1.36%,     -115.00,  -28394.91, 2,059,248
20210926 22:48:31 ( 1.04,  -0.42 ) XTZ   :     8455.00,     8335.00,     8015.00,  -1.42%,     -120.00,  -29629.47, 2,058,013
20210926 22:48:36 ( 1.04,  -0.36 ) XTZ   :     8455.00,     8340.00,     8015.00,  -1.36%,     -115.00,  -28394.91, 2,059,248
20210926 22:48:41 ( 1.06,  -0.36 ) XTZ   :     8455.00,     8340.00,     8015.00,  -1.36%,     -115.00,  -28394.91, 2,059,248
20210926 22:48:47 ( 1.06,  -0.36 ) XTZ   :     8455.00,     8340.00,     8015.00,  -1.36%,     -115.00,  -28394.91, 2,059,248
20210926 22:48:52 ( 1.04,  -0.36 ) XTZ   :     8455.00,     8340.00,     8015.00,  -1.36%,     -115.00,  -28394.91, 2,059,248
20210926 22:48:57 ( 1.02,  -0.42 ) XTZ   :     8455.00,     8335.00,     8015.00,  -1.42%,     -120.00,  -29629.47, 2,058,013
20210926 22:49:03 ( 1.06,  -0.42 ) XTZ   :     8455.00,     8335.00,     8015.00,  -1.42%,     -120.00,  -29629.47, 2,058,013
20210926 22:49:08 ( 1.05,  -0.36 ) XTZ   :     8455.00,     8340.00,     8015.00,  -1.36%,     -115.00,  -28394.91, 2,059,248
20210926 22:49:13 ( 1.05,  -0.36 ) XTZ   :     8455.00,     8340.00,     8015.00,  -1.36%,     -115.00,  -28394.91, 2,059,248
20210926 22:49:19 ( 1.05,  -0.36 ) XTZ   :     8455.00,     8340.00,     8015.00,  -1.36%,     -115.00,  -28394.91, 2,059,248
20210926 22:49:24 ( 1.05,  -0.30 ) XTZ   :     8455.00,     8345.00,     8015.00,  -1.30%,     -110.00,  -27160.35, 2,060,482
20210926 22:49:29 ( 1.04,  -0.36 ) XTZ   :     8455.00,     8340.00,     8015.00,  -1.36%,     -115.00,  -28394.91, 2,059,248
20210926 22:49:34 ( 1.05,  -0.30 ) XTZ   :     8455.00,     8345.00,     8015.00,  -1.30%,     -110.00,  -27160.35, 2,060,482
20210926 22:49:40 ( 1.05,  -0.36 ) XTZ   :     8455.00,     8340.00,     8015.00,  -1.36%,     -115.00,  -28394.91, 2,059,248
20210926 22:49:45 ( 1.05,  -0.36 ) XTZ   :     8455.00,     8340.00,     8015.00,  -1.36%,     -115.00,  -28394.91, 2,059,248
20210926 22:49:50 ( 1.05,  -0.36 ) XTZ   :     8455.00,     8340.00,     8015.00,  -1.36%,     -115.00,  -28394.91, 2,059,248
20210926 22:49:56 ( 1.05,  -0.42 ) XTZ   :     8455.00,     8335.00,     8015.00,  -1.42%,     -120.00,  -29629.47, 2,058,013
20210926 22:50:01 ( 1.04,  -0.48 ) XTZ   :     8455.00,     8330.00,     8015.00,  -1.48%,     -125.00,  -30864.03, 2,056,779
20210926 22:50:06 ( 1.05,  -0.48 ) XTZ   :     8455.00,     8330.00,     8015.00,  -1.48%,     -125.00,  -30864.03, 2,056,779
20210926 22:50:11 ( 1.05,  -0.54 ) XTZ   :     8455.00,     8325.00,     8015.00,  -1.54%,     -130.00,  -32098.59, 2,055,544
20210926 22:50:17 ( 1.05,  -0.54 ) XTZ   :     8455.00,     8325.00,     8015.00,  -1.54%,     -130.00,  -32098.59, 2,055,544
20210926 22:50:22 ( 1.05,  -0.54 ) XTZ   :     8455.00,     8325.00,     8015.00,  -1.54%,     -130.00,  -32098.59, 2,055,544
20210926 22:50:27 ( 1.05,  -0.54 ) XTZ   :     8455.00,     8325.00,     8015.00,  -1.54%,     -130.00,  -32098.59, 2,055,544
20210926 22:50:33 ( 1.04,  -0.54 ) XTZ   :     8455.00,     8325.00,     8015.00,  -1.54%,     -130.00,  -32098.59, 2,055,544
20210926 22:50:38 ( 1.05,  -0.54 ) XTZ   :     8455.00,     8325.00,     8015.00,  -1.54%,     -130.00,  -32098.59, 2,055,544
20210926 22:50:43 ( 1.02,  -0.54 ) XTZ   :     8455.00,     8325.00,     8015.00,  -1.54%,     -130.00,  -32098.59, 2,055,544
20210926 22:50:48 ( 1.02,  -0.48 ) XTZ   :     8455.00,     8330.00,     8015.00,  -1.48%,     -125.00,  -30864.03, 2,056,779
20210926 22:50:54 ( 1.02,  -0.54 ) XTZ   :     8455.00,     8325.00,     8015.00,  -1.54%,     -130.00,  -32098.59, 2,055,544
20210926 22:50:59 ( 1.02,  -0.54 ) XTZ   :     8455.00,     8325.00,     8015.00,  -1.54%,     -130.00,  -32098.59, 2,055,544
20210926 22:51:04 ( 1.03,  -0.42 ) XTZ   :     8455.00,     8335.00,     8015.00,  -1.42%,     -120.00,  -29629.47, 2,058,013
20210926 22:51:10 ( 1.05,  -0.42 ) XTZ   :     8455.00,     8335.00,     8015.00,  -1.42%,     -120.00,  -29629.47, 2,058,013
20210926 22:51:15 ( 1.07,  -0.48 ) XTZ   :     8455.00,     8330.00,     8015.00,  -1.48%,     -125.00,  -30864.03, 2,056,779
20210926 22:51:20 ( 1.07,  -0.48 ) XTZ   :     8455.00,     8330.00,     8015.00,  -1.48%,     -125.00,  -30864.03, 2,056,779
20210926 22:51:26 ( 1.07,  -0.48 ) XTZ   :     8455.00,     8330.00,     8015.00,  -1.48%,     -125.00,  -30864.03, 2,056,779
20210926 22:51:31 ( 1.07,  -0.42 ) XTZ   :     8455.00,     8335.00,     8015.00,  -1.42%,     -120.00,  -29629.47, 2,058,013
20210926 22:51:36 ( 1.07,  -0.42 ) XTZ   :     8455.00,     8335.00,     8015.00,  -1.42%,     -120.00,  -29629.47, 2,058,013
20210926 22:51:42 ( 1.07,  -0.42 ) XTZ   :     8455.00,     8335.00,     8015.00,  -1.42%,     -120.00,  -29629.47, 2,058,013
20210926 22:51:47 ( 1.07,  -0.42 ) XTZ   :     8455.00,     8335.00,     8015.00,  -1.42%,     -120.00,  -29629.47, 2,058,013
20210926 22:51:52 ( 1.07,  -0.42 ) XTZ   :     8455.00,     8335.00,     8015.00,  -1.42%,     -120.00,  -29629.47, 2,058,013
20210926 22:51:57 ( 1.07,  -0.42 ) XTZ   :     8455.00,     8335.00,     8015.00,  -1.42%,     -120.00,  -29629.47, 2,058,013
20210926 22:52:03 ( 1.07,  -0.42 ) XTZ   :     8455.00,     8335.00,     8015.00,  -1.42%,     -120.00,  -29629.47, 2,058,013
20210926 22:52:08 ( 1.07,  -0.36 ) XTZ   :     8455.00,     8340.00,     8015.00,  -1.36%,     -115.00,  -28394.91, 2,059,248
20210926 22:52:13 ( 1.07,  -0.42 ) XTZ   :     8455.00,     8335.00,     8015.00,  -1.42%,     -120.00,  -29629.47, 2,058,013
20210926 22:52:19 ( 1.06,  -0.36 ) XTZ   :     8455.00,     8340.00,     8015.00,  -1.36%,     -115.00,  -28394.91, 2,059,248
20210926 22:52:24 ( 1.07,  -0.42 ) XTZ   :     8455.00,     8335.00,     8015.00,  -1.42%,     -120.00,  -29629.47, 2,058,013
20210926 22:52:29 ( 1.06,  -0.36 ) XTZ   :     8455.00,     8340.00,     8015.00,  -1.36%,     -115.00,  -28394.91, 2,059,248
20210926 22:52:35 ( 1.06,  -0.42 ) XTZ   :     8455.00,     8335.00,     8015.00,  -1.42%,     -120.00,  -29629.47, 2,058,013
20210926 22:52:40 ( 1.04,  -0.42 ) XTZ   :     8455.00,     8335.00,     8015.00,  -1.42%,     -120.00,  -29629.47, 2,058,013
20210926 22:52:45 ( 1.04,  -0.42 ) XTZ   :     8455.00,     8335.00,     8015.00,  -1.42%,     -120.00,  -29629.47, 2,058,013
20210926 22:52:50 ( 1.04,  -0.48 ) XTZ   :     8455.00,     8330.00,     8015.00,  -1.48%,     -125.00,  -30864.03, 2,056,779
20210926 22:52:56 ( 1.04,  -0.48 ) XTZ   :     8455.00,     8330.00,     8015.00,  -1.48%,     -125.00,  -30864.03, 2,056,779
20210926 22:53:01 ( 1.06,  -0.48 ) XTZ   :     8455.00,     8330.00,     8015.00,  -1.48%,     -125.00,  -30864.03, 2,056,779
20210926 22:53:06 ( 1.07,  -0.54 ) XTZ   :     8455.00,     8325.00,     8015.00,  -1.54%,     -130.00,  -32098.59, 2,055,544
20210926 22:53:12 ( 1.07,  -0.54 ) XTZ   :     8455.00,     8325.00,     8015.00,  -1.54%,     -130.00,  -32098.59, 2,055,544
20210926 22:53:17 ( 1.07,  -0.54 ) XTZ   :     8455.00,     8325.00,     8015.00,  -1.54%,     -130.00,  -32098.59, 2,055,544
20210926 22:53:22 ( 1.04,  -0.42 ) XTZ   :     8455.00,     8335.00,     8015.00,  -1.42%,     -120.00,  -29629.47, 2,058,013
20210926 22:53:27 ( 1.05,  -0.42 ) XTZ   :     8455.00,     8335.00,     8015.00,  -1.42%,     -120.00,  -29629.47, 2,058,013
20210926 22:53:33 ( 1.04,  -0.42 ) XTZ   :     8455.00,     8335.00,     8015.00,  -1.42%,     -120.00,  -29629.47, 2,058,013
20210926 22:53:38 ( 1.07,  -0.42 ) XTZ   :     8455.00,     8335.00,     8015.00,  -1.42%,     -120.00,  -29629.47, 2,058,013
20210926 22:53:43 ( 1.07,  -0.42 ) XTZ   :     8455.00,     8335.00,     8015.00,  -1.42%,     -120.00,  -29629.47, 2,058,013
20210926 22:53:49 ( 1.04,  -0.36 ) XTZ   :     8455.00,     8340.00,     8015.00,  -1.36%,     -115.00,  -28394.91, 2,059,248
20210926 22:53:54 ( 1.04,  -0.36 ) XTZ   :     8455.00,     8340.00,     8015.00,  -1.36%,     -115.00,  -28394.91, 2,059,248
20210926 22:54:00 ( 1.07,  -0.42 ) XTZ   :     8455.00,     8335.00,     8015.00,  -1.42%,     -120.00,  -29629.47, 2,058,013
20210926 22:54:05 ( 1.04,  -0.36 ) XTZ   :     8455.00,     8340.00,     8015.00,  -1.36%,     -115.00,  -28394.91, 2,059,248
20210926 22:54:10 ( 1.02,  -0.36 ) XTZ   :     8455.00,     8340.00,     8015.00,  -1.36%,     -115.00,  -28394.91, 2,059,248
20210926 22:54:15 ( 1.02,  -0.30 ) XTZ   :     8455.00,     8345.00,     8015.00,  -1.30%,     -110.00,  -27160.35, 2,060,482
20210926 22:54:21 ( 1.02,  -0.30 ) XTZ   :     8455.00,     8345.00,     8015.00,  -1.30%,     -110.00,  -27160.35, 2,060,482
20210926 22:54:26 ( 1.01,  -0.30 ) XTZ   :     8455.00,     8345.00,     8015.00,  -1.30%,     -110.00,  -27160.35, 2,060,482
20210926 22:54:31 ( 1.02,  -0.30 ) XTZ   :     8455.00,     8345.00,     8015.00,  -1.30%,     -110.00,  -27160.35, 2,060,482
20210926 22:54:37 ( 1.02,  -0.30 ) XTZ   :     8455.00,     8345.00,     8015.00,  -1.30%,     -110.00,  -27160.35, 2,060,482
20210926 22:54:42 ( 0.98,  -0.30 ) XTZ   :     8455.00,     8345.00,     8015.00,  -1.30%,     -110.00,  -27160.35, 2,060,482
20210926 22:54:47 ( 1.02,  -0.30 ) XTZ   :     8455.00,     8345.00,     8015.00,  -1.30%,     -110.00,  -27160.35, 2,060,482
20210926 22:54:53 ( 1.02,  -0.30 ) XTZ   :     8455.00,     8345.00,     8015.00,  -1.30%,     -110.00,  -27160.35, 2,060,482
20210926 22:54:58 ( 1.02,  -0.30 ) XTZ   :     8455.00,     8345.00,     8015.00,  -1.30%,     -110.00,  -27160.35, 2,060,482
20210926 22:55:03 ( 1.02,  -0.42 ) XTZ   :     8455.00,     8335.00,     8015.00,  -1.42%,     -120.00,  -29629.47, 2,058,013
20210926 22:55:09 ( 0.99,  -0.42 ) XTZ   :     8455.00,     8335.00,     8015.00,  -1.42%,     -120.00,  -29629.47, 2,058,013
20210926 22:55:14 ( 0.99,  -0.42 ) XTZ   :     8455.00,     8335.00,     8015.00,  -1.42%,     -120.00,  -29629.47, 2,058,013
20210926 22:55:19 ( 0.99,  -0.42 ) XTZ   :     8455.00,     8335.00,     8015.00,  -1.42%,     -120.00,  -29629.47, 2,058,013
20210926 22:55:24 ( 0.99,  -0.48 ) XTZ   :     8455.00,     8330.00,     8015.00,  -1.48%,     -125.00,  -30864.03, 2,056,779
20210926 22:55:30 ( 0.99,  -0.42 ) XTZ   :     8455.00,     8335.00,     8015.00,  -1.42%,     -120.00,  -29629.47, 2,058,013
20210926 22:55:35 ( 0.99,  -0.48 ) XTZ   :     8455.00,     8330.00,     8015.00,  -1.48%,     -125.00,  -30864.03, 2,056,779
20210926 22:55:40 ( 0.99,  -0.48 ) XTZ   :     8455.00,     8330.00,     8015.00,  -1.48%,     -125.00,  -30864.03, 2,056,779
20210926 22:55:46 ( 0.99,  -0.48 ) XTZ   :     8455.00,     8330.00,     8015.00,  -1.48%,     -125.00,  -30864.03, 2,056,779
20210926 22:55:51 ( 0.99,  -0.42 ) XTZ   :     8455.00,     8335.00,     8015.00,  -1.42%,     -120.00,  -29629.47, 2,058,013
20210926 22:55:56 ( 1.00,  -0.42 ) XTZ   :     8455.00,     8335.00,     8015.00,  -1.42%,     -120.00,  -29629.47, 2,058,013
20210926 22:56:02 ( 0.99,  -0.30 ) XTZ   :     8455.00,     8345.00,     8015.00,  -1.30%,     -110.00,  -27160.35, 2,060,482
20210926 22:56:07 ( 1.02,  -0.18 ) XTZ   :     8455.00,     8355.00,     8015.00,  -1.18%,     -100.00,  -24691.23, 2,062,951
20210926 22:56:12 ( 0.99,  -0.18 ) XTZ   :     8455.00,     8355.00,     8015.00,  -1.18%,     -100.00,  -24691.23, 2,062,951
20210926 22:56:17 ( 1.01,  -0.24 ) XTZ   :     8455.00,     8350.00,     8015.00,  -1.24%,     -105.00,  -25925.79, 2,061,717
20210926 22:56:23 ( 1.01,  -0.24 ) XTZ   :     8455.00,     8350.00,     8015.00,  -1.24%,     -105.00,  -25925.79, 2,061,717
20210926 22:56:28 ( 0.99,  -0.24 ) XTZ   :     8455.00,     8350.00,     8015.00,  -1.24%,     -105.00,  -25925.79, 2,061,717
20210926 22:56:33 ( 0.99,  -0.24 ) XTZ   :     8455.00,     8350.00,     8015.00,  -1.24%,     -105.00,  -25925.79, 2,061,717
20210926 22:56:38 ( 0.99,  -0.24 ) XTZ   :     8455.00,     8350.00,     8015.00,  -1.24%,     -105.00,  -25925.79, 2,061,717
20210926 22:56:44 ( 0.99,  -0.30 ) XTZ   :     8455.00,     8345.00,     8015.00,  -1.30%,     -110.00,  -27160.35, 2,060,482
20210926 22:56:49 ( 1.01,  -0.30 ) XTZ   :     8455.00,     8345.00,     8015.00,  -1.30%,     -110.00,  -27160.35, 2,060,482
20210926 22:56:54 ( 0.99,  -0.30 ) XTZ   :     8455.00,     8345.00,     8015.00,  -1.30%,     -110.00,  -27160.35, 2,060,482
20210926 22:57:00 ( 0.99,  -0.30 ) XTZ   :     8455.00,     8345.00,     8015.00,  -1.30%,     -110.00,  -27160.35, 2,060,482
20210926 22:57:05 ( 0.99,  -0.30 ) XTZ   :     8455.00,     8345.00,     8015.00,  -1.30%,     -110.00,  -27160.35, 2,060,482
20210926 22:57:10 ( 1.01,  -0.30 ) XTZ   :     8455.00,     8345.00,     8015.00,  -1.30%,     -110.00,  -27160.35, 2,060,482
20210926 22:57:15 ( 1.01,  -0.30 ) XTZ   :     8455.00,     8345.00,     8015.00,  -1.30%,     -110.00,  -27160.35, 2,060,482
20210926 22:57:21 ( 1.01,  -0.30 ) XTZ   :     8455.00,     8345.00,     8015.00,  -1.30%,     -110.00,  -27160.35, 2,060,482
20210926 22:57:26 ( 1.00,  -0.30 ) XTZ   :     8455.00,     8345.00,     8015.00,  -1.30%,     -110.00,  -27160.35, 2,060,482
20210926 22:57:31 ( 0.99,  -0.36 ) XTZ   :     8455.00,     8340.00,     8015.00,  -1.36%,     -115.00,  -28394.91, 2,059,248
20210926 22:57:37 ( 0.99,  -0.36 ) XTZ   :     8455.00,     8340.00,     8015.00,  -1.36%,     -115.00,  -28394.91, 2,059,248
20210926 22:57:42 ( 0.99,  -0.36 ) XTZ   :     8455.00,     8340.00,     8015.00,  -1.36%,     -115.00,  -28394.91, 2,059,248
20210926 22:57:47 ( 0.99,  -0.36 ) XTZ   :     8455.00,     8340.00,     8015.00,  -1.36%,     -115.00,  -28394.91, 2,059,248
20210926 22:57:53 ( 1.01,  -0.36 ) XTZ   :     8455.00,     8340.00,     8015.00,  -1.36%,     -115.00,  -28394.91, 2,059,248
20210926 22:57:58 ( 1.01,  -0.36 ) XTZ   :     8455.00,     8340.00,     8015.00,  -1.36%,     -115.00,  -28394.91, 2,059,248
20210926 22:58:03 ( 0.99,  -0.36 ) XTZ   :     8455.00,     8340.00,     8015.00,  -1.36%,     -115.00,  -28394.91, 2,059,248
20210926 22:58:08 ( 1.01,  -0.42 ) XTZ   :     8455.00,     8335.00,     8015.00,  -1.42%,     -120.00,  -29629.47, 2,058,013
20210926 22:58:14 ( 0.99,  -0.30 ) XTZ   :     8455.00,     8345.00,     8015.00,  -1.30%,     -110.00,  -27160.35, 2,060,482
20210926 22:58:19 ( 0.99,  -0.30 ) XTZ   :     8455.00,     8345.00,     8015.00,  -1.30%,     -110.00,  -27160.35, 2,060,482
20210926 22:58:24 ( 1.01,  -0.30 ) XTZ   :     8455.00,     8345.00,     8015.00,  -1.30%,     -110.00,  -27160.35, 2,060,482
20210926 22:58:30 ( 0.99,  -0.30 ) XTZ   :     8455.00,     8345.00,     8015.00,  -1.30%,     -110.00,  -27160.35, 2,060,482
20210926 22:58:35 ( 0.99,  -0.30 ) XTZ   :     8455.00,     8345.00,     8015.00,  -1.30%,     -110.00,  -27160.35, 2,060,482
20210926 22:58:40 ( 0.99,  -0.30 ) XTZ   :     8455.00,     8345.00,     8015.00,  -1.30%,     -110.00,  -27160.35, 2,060,482
20210926 22:58:45 ( 0.99,  -0.42 ) XTZ   :     8455.00,     8335.00,     8015.00,  -1.42%,     -120.00,  -29629.47, 2,058,013
20210926 22:58:51 ( 0.99,  -0.30 ) XTZ   :     8455.00,     8345.00,     8015.00,  -1.30%,     -110.00,  -27160.35, 2,060,482
20210926 22:58:56 ( 0.99,  -0.30 ) XTZ   :     8455.00,     8345.00,     8015.00,  -1.30%,     -110.00,  -27160.35, 2,060,482
20210926 22:59:01 ( 0.99,  -0.18 ) XTZ   :     8455.00,     8355.00,     8015.00,  -1.18%,     -100.00,  -24691.23, 2,062,951
20210926 22:59:07 ( 0.99,  -0.18 ) XTZ   :     8455.00,     8355.00,     8015.00,  -1.18%,     -100.00,  -24691.23, 2,062,951
20210926 22:59:12 ( 1.02,  -0.18 ) XTZ   :     8455.00,     8355.00,     8015.00,  -1.18%,     -100.00,  -24691.23, 2,062,951
20210926 22:59:38 ( 0.99,  -0.12 ) XTZ   :     8455.00,     8360.00,     8015.00,  -1.12%,      -95.00,  -23456.66, 2,064,186
20210926 22:59:44 ( 0.99,  -0.12 ) XTZ   :     8455.00,     8360.00,     8015.00,  -1.12%,      -95.00,  -23456.66, 2,064,186
20210926 22:59:49 ( 1.02,  -0.12 ) XTZ   :     8455.00,     8360.00,     8015.00,  -1.12%,      -95.00,  -23456.66, 2,064,186
20210926 22:59:54 ( 1.02,  -0.12 ) XTZ   :     8455.00,     8360.00,     8015.00,  -1.12%,      -95.00,  -23456.66, 2,064,186
20210926 22:59:59 ( 1.02,  -0.06 ) XTZ   :     8455.00,     8365.00,     8015.00,  -1.06%,      -90.00,  -22222.10, 2,065,421
20210926 23:00:05 ( 1.02,  -0.12 ) XTZ   :     8455.00,     8360.00,     8015.00,  -1.12%,      -95.00,  -23456.66, 2,064,186
20210926 23:00:10 ( 0.99,   0.00 ) XTZ   :     8455.00,     8370.00,     8015.00,  -1.01%,      -85.00,  -20987.54, 2,066,655
20210926 23:00:16 ( 0.99,   0.00 ) XTZ   :     8455.00,     8370.00,     8015.00,  -1.01%,      -85.00,  -20987.54, 2,066,655
20210926 23:00:21 ( 0.99,   0.00 ) XTZ   :     8455.00,     8370.00,     8015.00,  -1.01%,      -85.00,  -20987.54, 2,066,655
20210926 23:00:26 ( 0.99,   0.00 ) XTZ   :     8455.00,     8370.00,     8015.00,  -1.01%,      -85.00,  -20987.54, 2,066,655
20210926 23:00:32 ( 0.99,   0.00 ) XTZ   :     8455.00,     8370.00,     8015.00,  -1.01%,      -85.00,  -20987.54, 2,066,655
20210926 23:00:37 ( 0.99,   0.00 ) XTZ   :     8455.00,     8370.00,     8015.00,  -1.01%,      -85.00,  -20987.54, 2,066,655
20210926 23:00:42 ( 1.01,   0.12 ) XTZ   :     8455.00,     8380.00,     8015.00,  -0.89%,      -75.00,  -18518.42, 2,069,124
20210926 23:00:47 ( 1.01,   0.00 ) XTZ   :     8455.00,     8370.00,     8015.00,  -1.01%,      -85.00,  -20987.54, 2,066,655
20210926 23:00:53 ( 1.01,   0.06 ) XTZ   :     8455.00,     8375.00,     8015.00,  -0.95%,      -80.00,  -19752.98, 2,067,890
20210926 23:00:58 ( 1.01,   0.06 ) XTZ   :     8455.00,     8375.00,     8015.00,  -0.95%,      -80.00,  -19752.98, 2,067,890
20210926 23:01:03 ( 1.01,   0.06 ) XTZ   :     8455.00,     8375.00,     8015.00,  -0.95%,      -80.00,  -19752.98, 2,067,890
20210926 23:01:09 ( 1.01,   0.06 ) XTZ   :     8455.00,     8375.00,     8015.00,  -0.95%,      -80.00,  -19752.98, 2,067,890
20210926 23:01:14 ( 1.01,   0.00 ) XTZ   :     8455.00,     8370.00,     8015.00,  -1.01%,      -85.00,  -20987.54, 2,066,655
20210926 23:01:19 ( 1.02,  -0.06 ) XTZ   :     8455.00,     8365.00,     8015.00,  -1.06%,      -90.00,  -22222.10, 2,065,421
20210926 23:01:24 ( 1.01,  -0.12 ) XTZ   :     8455.00,     8360.00,     8015.00,  -1.12%,      -95.00,  -23456.66, 2,064,186
20210926 23:01:30 ( 1.02,  -0.12 ) XTZ   :     8455.00,     8360.00,     8015.00,  -1.12%,      -95.00,  -23456.66, 2,064,186
20210926 23:01:35 ( 1.02,  -0.06 ) XTZ   :     8455.00,     8365.00,     8015.00,  -1.06%,      -90.00,  -22222.10, 2,065,421
20210926 23:01:40 ( 1.02,  -0.06 ) XTZ   :     8455.00,     8365.00,     8015.00,  -1.06%,      -90.00,  -22222.10, 2,065,421
20210926 23:01:46 ( 1.01,  -0.12 ) XTZ   :     8455.00,     8360.00,     8015.00,  -1.12%,      -95.00,  -23456.66, 2,064,186
20210926 23:01:51 ( 1.02,  -0.06 ) XTZ   :     8455.00,     8365.00,     8015.00,  -1.06%,      -90.00,  -22222.10, 2,065,421
20210926 23:01:56 ( 1.01,  -0.06 ) XTZ   :     8455.00,     8365.00,     8015.00,  -1.06%,      -90.00,  -22222.10, 2,065,421
20210926 23:02:01 ( 1.02,  -0.12 ) XTZ   :     8455.00,     8360.00,     8015.00,  -1.12%,      -95.00,  -23456.66, 2,064,186
20210926 23:02:07 ( 1.02,  -0.12 ) XTZ   :     8455.00,     8360.00,     8015.00,  -1.12%,      -95.00,  -23456.66, 2,064,186
20210926 23:02:12 ( 1.02,  -0.12 ) XTZ   :     8455.00,     8360.00,     8015.00,  -1.12%,      -95.00,  -23456.66, 2,064,186
20210926 23:02:18 ( 1.02,  -0.06 ) XTZ   :     8455.00,     8365.00,     8015.00,  -1.06%,      -90.00,  -22222.10, 2,065,421
20210926 23:02:23 ( 1.02,  -0.12 ) XTZ   :     8455.00,     8360.00,     8015.00,  -1.12%,      -95.00,  -23456.66, 2,064,186
20210926 23:02:28 ( 1.02,  -0.12 ) XTZ   :     8455.00,     8360.00,     8015.00,  -1.12%,      -95.00,  -23456.66, 2,064,186
20210926 23:02:33 ( 1.02,  -0.06 ) XTZ   :     8455.00,     8365.00,     8015.00,  -1.06%,      -90.00,  -22222.10, 2,065,421
20210926 23:02:39 ( 1.02,  -0.12 ) XTZ   :     8455.00,     8360.00,     8015.00,  -1.12%,      -95.00,  -23456.66, 2,064,186
20210926 23:02:44 ( 1.02,  -0.12 ) XTZ   :     8455.00,     8360.00,     8015.00,  -1.12%,      -95.00,  -23456.66, 2,064,186
20210926 23:02:49 ( 1.02,  -0.12 ) XTZ   :     8455.00,     8360.00,     8015.00,  -1.12%,      -95.00,  -23456.66, 2,064,186
20210926 23:02:55 ( 1.02,  -0.18 ) XTZ   :     8455.00,     8355.00,     8015.00,  -1.18%,     -100.00,  -24691.23, 2,062,951
20210926 23:03:00 ( 1.02,  -0.18 ) XTZ   :     8455.00,     8355.00,     8015.00,  -1.18%,     -100.00,  -24691.23, 2,062,951
20210926 23:03:05 ( 1.03,  -0.18 ) XTZ   :     8455.00,     8355.00,     8015.00,  -1.18%,     -100.00,  -24691.23, 2,062,951
20210926 23:03:10 ( 1.02,  -0.18 ) XTZ   :     8455.00,     8355.00,     8015.00,  -1.18%,     -100.00,  -24691.23, 2,062,951
20210926 23:03:16 ( 1.02,  -0.18 ) XTZ   :     8455.00,     8355.00,     8015.00,  -1.18%,     -100.00,  -24691.23, 2,062,951
20210926 23:03:21 ( 1.02,  -0.18 ) XTZ   :     8455.00,     8355.00,     8015.00,  -1.18%,     -100.00,  -24691.23, 2,062,951
20210926 23:03:26 ( 1.02,  -0.12 ) XTZ   :     8455.00,     8360.00,     8015.00,  -1.12%,      -95.00,  -23456.66, 2,064,186
20210926 23:03:31 ( 1.03,  -0.06 ) XTZ   :     8455.00,     8365.00,     8015.00,  -1.06%,      -90.00,  -22222.10, 2,065,421
20210926 23:03:37 ( 1.07,  -0.12 ) XTZ   :     8455.00,     8360.00,     8015.00,  -1.12%,      -95.00,  -23456.66, 2,064,186
20210926 23:03:42 ( 1.05,  -0.18 ) XTZ   :     8455.00,     8355.00,     8015.00,  -1.18%,     -100.00,  -24691.23, 2,062,951
20210926 23:03:47 ( 1.02,  -0.12 ) XTZ   :     8455.00,     8360.00,     8015.00,  -1.12%,      -95.00,  -23456.66, 2,064,186
20210926 23:03:53 ( 1.05,  -0.12 ) XTZ   :     8455.00,     8360.00,     8015.00,  -1.12%,      -95.00,  -23456.66, 2,064,186
20210926 23:03:58 ( 1.08,  -0.12 ) XTZ   :     8455.00,     8360.00,     8015.00,  -1.12%,      -95.00,  -23456.66, 2,064,186
20210926 23:04:03 ( 1.08,  -0.12 ) XTZ   :     8455.00,     8360.00,     8015.00,  -1.12%,      -95.00,  -23456.66, 2,064,186
20210926 23:04:08 ( 1.08,  -0.12 ) XTZ   :     8455.00,     8360.00,     8015.00,  -1.12%,      -95.00,  -23456.66, 2,064,186
20210926 23:04:14 ( 1.08,  -0.12 ) XTZ   :     8455.00,     8360.00,     8015.00,  -1.12%,      -95.00,  -23456.66, 2,064,186
20210926 23:04:19 ( 1.08,  -0.12 ) XTZ   :     8455.00,     8360.00,     8015.00,  -1.12%,      -95.00,  -23456.66, 2,064,186
20210926 23:04:24 ( 1.08,  -0.18 ) XTZ   :     8455.00,     8355.00,     8015.00,  -1.18%,     -100.00,  -24691.23, 2,062,951
20210926 23:04:30 ( 1.08,  -0.18 ) XTZ   :     8455.00,     8355.00,     8015.00,  -1.18%,     -100.00,  -24691.23, 2,062,951
20210926 23:04:35 ( 1.08,  -0.18 ) XTZ   :     8455.00,     8355.00,     8015.00,  -1.18%,     -100.00,  -24691.23, 2,062,951
20210926 23:04:40 ( 1.08,  -0.12 ) XTZ   :     8455.00,     8360.00,     8015.00,  -1.12%,      -95.00,  -23456.66, 2,064,186
20210926 23:04:45 ( 1.08,  -0.18 ) XTZ   :     8455.00,     8355.00,     8015.00,  -1.18%,     -100.00,  -24691.23, 2,062,951
20210926 23:04:51 ( 1.08,  -0.18 ) XTZ   :     8455.00,     8355.00,     8015.00,  -1.18%,     -100.00,  -24691.23, 2,062,951
20210926 23:04:56 ( 1.08,  -0.18 ) XTZ   :     8455.00,     8355.00,     8015.00,  -1.18%,     -100.00,  -24691.23, 2,062,951
20210926 23:05:01 ( 1.09,  -0.18 ) XTZ   :     8455.00,     8355.00,     8015.00,  -1.18%,     -100.00,  -24691.23, 2,062,951
20210926 23:05:07 ( 1.09,  -0.18 ) XTZ   :     8455.00,     8355.00,     8015.00,  -1.18%,     -100.00,  -24691.23, 2,062,951
20210926 23:05:12 ( 1.08,  -0.18 ) XTZ   :     8455.00,     8355.00,     8015.00,  -1.18%,     -100.00,  -24691.23, 2,062,951
20210926 23:05:17 ( 1.08,  -0.18 ) XTZ   :     8455.00,     8355.00,     8015.00,  -1.18%,     -100.00,  -24691.23, 2,062,951
20210926 23:05:22 ( 1.09,  -0.18 ) XTZ   :     8455.00,     8355.00,     8015.00,  -1.18%,     -100.00,  -24691.23, 2,062,951
20210926 23:05:28 ( 1.09,  -0.18 ) XTZ   :     8455.00,     8355.00,     8015.00,  -1.18%,     -100.00,  -24691.23, 2,062,951
20210926 23:05:33 ( 1.09,  -0.12 ) XTZ   :     8455.00,     8360.00,     8015.00,  -1.12%,      -95.00,  -23456.66, 2,064,186
20210926 23:05:38 ( 1.10,  -0.18 ) XTZ   :     8455.00,     8355.00,     8015.00,  -1.18%,     -100.00,  -24691.23, 2,062,951
20210926 23:05:43 ( 1.08,  -0.18 ) XTZ   :     8455.00,     8355.00,     8015.00,  -1.18%,     -100.00,  -24691.23, 2,062,951
20210926 23:05:49 ( 1.08,  -0.18 ) XTZ   :     8455.00,     8355.00,     8015.00,  -1.18%,     -100.00,  -24691.23, 2,062,951
20210926 23:05:54 ( 1.08,  -0.06 ) XTZ   :     8455.00,     8365.00,     8015.00,  -1.06%,      -90.00,  -22222.10, 2,065,421
20210926 23:05:59 ( 1.08,  -0.12 ) XTZ   :     8455.00,     8360.00,     8015.00,  -1.12%,      -95.00,  -23456.66, 2,064,186
20210926 23:06:05 ( 1.08,  -0.06 ) XTZ   :     8455.00,     8365.00,     8015.00,  -1.06%,      -90.00,  -22222.10, 2,065,421
20210926 23:06:10 ( 1.02,  -0.06 ) XTZ   :     8455.00,     8365.00,     8015.00,  -1.06%,      -90.00,  -22222.10, 2,065,421
20210926 23:06:15 ( 1.02,  -0.06 ) XTZ   :     8455.00,     8365.00,     8015.00,  -1.06%,      -90.00,  -22222.10, 2,065,421
20210926 23:06:21 ( 1.02,   0.00 ) XTZ   :     8455.00,     8370.00,     8015.00,  -1.01%,      -85.00,  -20987.54, 2,066,655
20210926 23:06:26 ( 1.02,   0.00 ) XTZ   :     8455.00,     8370.00,     8015.00,  -1.01%,      -85.00,  -20987.54, 2,066,655
20210926 23:06:31 ( 1.09,   0.00 ) XTZ   :     8455.00,     8370.00,     8015.00,  -1.01%,      -85.00,  -20987.54, 2,066,655
20210926 23:06:36 ( 1.09,   0.00 ) XTZ   :     8455.00,     8370.00,     8015.00,  -1.01%,      -85.00,  -20987.54, 2,066,655
20210926 23:06:42 ( 1.09,   0.00 ) XTZ   :     8455.00,     8370.00,     8015.00,  -1.01%,      -85.00,  -20987.54, 2,066,655
20210926 23:06:47 ( 1.09,   0.00 ) XTZ   :     8455.00,     8370.00,     8015.00,  -1.01%,      -85.00,  -20987.54, 2,066,655
20210926 23:06:52 ( 1.08,   0.00 ) XTZ   :     8455.00,     8370.00,     8015.00,  -1.01%,      -85.00,  -20987.54, 2,066,655
20210926 23:06:58 ( 1.08,   0.06 ) XTZ   :     8455.00,     8375.00,     8015.00,  -0.95%,      -80.00,  -19752.98, 2,067,890
20210926 23:07:03 ( 1.02,   0.06 ) XTZ   :     8455.00,     8375.00,     8015.00,  -0.95%,      -80.00,  -19752.98, 2,067,890
20210926 23:07:08 ( 1.02,   0.06 ) XTZ   :     8455.00,     8375.00,     8015.00,  -0.95%,      -80.00,  -19752.98, 2,067,890
20210926 23:07:14 ( 1.07,   0.06 ) XTZ   :     8455.00,     8375.00,     8015.00,  -0.95%,      -80.00,  -19752.98, 2,067,890
20210926 23:07:19 ( 1.07,   0.06 ) XTZ   :     8455.00,     8375.00,     8015.00,  -0.95%,      -80.00,  -19752.98, 2,067,890
20210926 23:07:24 ( 1.08,   0.06 ) XTZ   :     8455.00,     8375.00,     8015.00,  -0.95%,      -80.00,  -19752.98, 2,067,890
20210926 23:07:30 ( 1.07,   0.06 ) XTZ   :     8455.00,     8375.00,     8015.00,  -0.95%,      -80.00,  -19752.98, 2,067,890
20210926 23:07:35 ( 1.08,   0.06 ) XTZ   :     8455.00,     8375.00,     8015.00,  -0.95%,      -80.00,  -19752.98, 2,067,890
20210926 23:07:40 ( 1.07,   0.06 ) XTZ   :     8455.00,     8375.00,     8015.00,  -0.95%,      -80.00,  -19752.98, 2,067,890
20210926 23:07:46 ( 1.07,   0.12 ) XTZ   :     8455.00,     8380.00,     8015.00,  -0.89%,      -75.00,  -18518.42, 2,069,124
20210926 23:07:51 ( 1.08,   0.12 ) XTZ   :     8455.00,     8380.00,     8015.00,  -0.89%,      -75.00,  -18518.42, 2,069,124
20210926 23:07:56 ( 1.04,   0.00 ) XTZ   :     8455.00,     8370.00,     8015.00,  -1.01%,      -85.00,  -20987.54, 2,066,655
20210926 23:08:01 ( 1.04,   0.00 ) XTZ   :     8455.00,     8370.00,     8015.00,  -1.01%,      -85.00,  -20987.54, 2,066,655
20210926 23:08:07 ( 1.04,   0.00 ) XTZ   :     8455.00,     8370.00,     8015.00,  -1.01%,      -85.00,  -20987.54, 2,066,655
20210926 23:08:12 ( 1.04,  -0.06 ) XTZ   :     8455.00,     8365.00,     8015.00,  -1.06%,      -90.00,  -22222.10, 2,065,421
20210926 23:08:17 ( 1.06,   0.00 ) XTZ   :     8455.00,     8370.00,     8015.00,  -1.01%,      -85.00,  -20987.54, 2,066,655
20210926 23:08:23 ( 1.04,  -0.06 ) XTZ   :     8455.00,     8365.00,     8015.00,  -1.06%,      -90.00,  -22222.10, 2,065,421
20210926 23:08:28 ( 1.04,   0.00 ) XTZ   :     8455.00,     8370.00,     8015.00,  -1.01%,      -85.00,  -20987.54, 2,066,655
20210926 23:08:33 ( 1.06,   0.00 ) XTZ   :     8455.00,     8370.00,     8015.00,  -1.01%,      -85.00,  -20987.54, 2,066,655
20210926 23:08:38 ( 1.04,  -0.06 ) XTZ   :     8455.00,     8365.00,     8015.00,  -1.06%,      -90.00,  -22222.10, 2,065,421
20210926 23:08:44 ( 1.07,  -0.12 ) XTZ   :     8455.00,     8360.00,     8015.00,  -1.12%,      -95.00,  -23456.66, 2,064,186
20210926 23:08:49 ( 1.05,  -0.12 ) XTZ   :     8455.00,     8360.00,     8015.00,  -1.12%,      -95.00,  -23456.66, 2,064,186
